   0.0000000e+00   8.0000000e+01   1.0000000e+00   1.0000000e+00   1.0000000e+00   0.0000000e+00   2.6114159e+03   0.0000000e+00
   0.0000000e+00   1.0100000e+02   1.0000000e+00   3.0000000e+00   1.0000000e+00   1.0000000e+00   3.1322018e+03   1.0000000e+00
   0.0000000e+00   3.4000000e+01   1.0000000e+00   3.0000000e+00   1.0000000e+00   1.0000000e+00   2.4623115e+03   1.0000000e+00
   0.0000000e+00   3.4000000e+01   0.0000000e+00   1.0000000e+00   1.0000000e+00   1.0000000e+00   3.0519166e+03   0.0000000e+00
   0.0000000e+00   9.3000000e+01   1.0000000e+00   2.0000000e+00   1.0000000e+00   1.0000000e+00   2.4014440e+03   1.0000000e+00
   0.0000000e+00   3.4000000e+01   0.0000000e+00   1.0000000e+00   2.0000000e+00   1.0000000e+00   3.4060609e+03   0.0000000e+00
   1.0000000e+00   7.2000000e+01   1.0000000e+00   3.0000000e+00   1.0000000e+00   2.0000000e+00   2.8562114e+03   1.0000000e+00
   0.0000000e+00   7.8000000e+01   0.0000000e+00   1.0000000e+00   1.0000000e+00   0.0000000e+00   3.3068725e+03   0.0000000e+00
   0.0000000e+00   8.7000000e+01   1.0000000e+00   3.0000000e+00   0.0000000e+00   1.0000000e+00   1.9249643e+03   1.0000000e+00
   0.0000000e+00   8.8000000e+01   1.0000000e+00   3.0000000e+00   0.0000000e+00   0.0000000e+00   1.4870849e+03   0.0000000e+00
   0.0000000e+00   7.6000000e+01   0.0000000e+00   2.0000000e+00   0.0000000e+00   1.0000000e+00   1.4281109e+03   1.0000000e+00
   0.0000000e+00   6.5000000e+01   0.0000000e+00   2.0000000e+00   0.0000000e+00   0.0000000e+00   1.5504894e+03   0.0000000e+00
   0.0000000e+00   6.0000000e+01   0.0000000e+00   3.0000000e+00   1.0000000e+00   1.0000000e+00   2.9336020e+03   0.0000000e+00
   0.0000000e+00   7.3000000e+01   0.0000000e+00   2.0000000e+00   0.0000000e+00   0.0000000e+00   1.6396718e+03   1.0000000e+00
   0.0000000e+00   5.6000000e+01   1.0000000e+00   1.0000000e+00   2.0000000e+00   0.0000000e+00   3.4423600e+03   0.0000000e+00
   0.0000000e+00   6.3000000e+01   0.0000000e+00   2.0000000e+00   1.0000000e+00   0.0000000e+00   2.4980562e+03   0.0000000e+00
   0.0000000e+00   9.0000000e+01   1.0000000e+00   0.0000000e+00   0.0000000e+00   1.0000000e+00   2.0547058e+03   1.0000000e+00
   0.0000000e+00   9.4000000e+01   1.0000000e+00   1.0000000e+00   0.0000000e+00   0.0000000e+00   1.8055491e+03   1.0000000e+00
   0.0000000e+00   9.2000000e+01   1.0000000e+00   2.0000000e+00   2.0000000e+00   0.0000000e+00   3.3741214e+03   0.0000000e+00
   0.0000000e+00   7.6000000e+01   1.0000000e+00   1.0000000e+00   1.0000000e+00   1.0000000e+00   2.3266403e+03   1.0000000e+00
   0.0000000e+00   9.6000000e+01   1.0000000e+00   3.0000000e+00   0.0000000e+00   0.0000000e+00   1.6987218e+03   1.0000000e+00
   0.0000000e+00   4.8000000e+01   1.0000000e+00   2.0000000e+00   0.0000000e+00   1.0000000e+00   1.8733957e+03   1.0000000e+00
   1.0000000e+00   3.7000000e+01   1.0000000e+00   3.0000000e+00   1.0000000e+00   0.0000000e+00   2.9618433e+03   0.0000000e+00
   0.0000000e+00   7.4000000e+01   0.0000000e+00   3.0000000e+00   0.0000000e+00   1.0000000e+00   1.9728324e+03   1.0000000e+00
   0.0000000e+00   8.2000000e+01   1.0000000e+00   1.0000000e+00   0.0000000e+00   2.0000000e+00   1.8464176e+03   1.0000000e+00
   0.0000000e+00   9.2000000e+01   1.0000000e+00   1.0000000e+00   1.0000000e+00   1.0000000e+00   3.0190870e+03   0.0000000e+00
   0.0000000e+00   9.7000000e+01   0.0000000e+00   1.0000000e+00   0.0000000e+00   1.0000000e+00   1.6938959e+03   1.0000000e+00
   0.0000000e+00   3.6000000e+01   1.0000000e+00   2.0000000e+00   2.0000000e+00   1.0000000e+00   3.4293784e+03   0.0000000e+00
   0.0000000e+00   6.0000000e+01   1.0000000e+00   2.0000000e+00   1.0000000e+00   0.0000000e+00   3.2287046e+03   0.0000000e+00
   0.0000000e+00   3.9000000e+01   1.0000000e+00   0.0000000e+00   2.0000000e+00   0.0000000e+00   3.3475736e+03   0.0000000e+00
   0.0000000e+00   6.0000000e+01   1.0000000e+00   3.0000000e+00   2.0000000e+00   0.0000000e+00   3.4026616e+03   0.0000000e+00
   0.0000000e+00   4.0000000e+01   1.0000000e+00   3.0000000e+00   2.0000000e+00   1.0000000e+00   3.4523097e+03   0.0000000e+00
   1.0000000e+00   9.3000000e+01   1.0000000e+00   1.0000000e+00   1.0000000e+00   0.0000000e+00   2.1057233e+03   1.0000000e+00
   0.0000000e+00   9.5000000e+01   0.0000000e+00   1.0000000e+00   1.0000000e+00   0.0000000e+00   2.9016200e+03   0.0000000e+00
   1.0000000e+00   6.3000000e+01   1.0000000e+00   0.0000000e+00   1.0000000e+00   0.0000000e+00   2.4693217e+03   0.0000000e+00
   0.0000000e+00   8.7000000e+01   1.0000000e+00   3.0000000e+00   1.0000000e+00   2.0000000e+00   3.2978038e+03   1.0000000e+00
   0.0000000e+00   9.6000000e+01   0.0000000e+00   0.0000000e+00   1.0000000e+00   1.0000000e+00   3.1661378e+03   0.0000000e+00
   0.0000000e+00   6.3000000e+01   0.0000000e+00   0.0000000e+00   1.0000000e+00   0.0000000e+00   2.7629128e+03   0.0000000e+00
   0.0000000e+00   9.9000000e+01   0.0000000e+00   3.0000000e+00   0.0000000e+00   0.0000000e+00   1.7663014e+03   0.0000000e+00
   0.0000000e+00   7.1000000e+01   0.0000000e+00   0.0000000e+00   1.0000000e+00   0.0000000e+00   3.2576204e+03   0.0000000e+00
   0.0000000e+00   8.7000000e+01   0.0000000e+00   2.0000000e+00   1.0000000e+00   1.0000000e+00   3.1759454e+03   0.0000000e+00
   0.0000000e+00   3.4000000e+01   0.0000000e+00   3.0000000e+00   2.0000000e+00   2.0000000e+00   3.3377627e+03   0.0000000e+00
   0.0000000e+00   7.2000000e+01   1.0000000e+00   3.0000000e+00   1.0000000e+00   0.0000000e+00   2.8092963e+03   1.0000000e+00
   0.0000000e+00   9.0000000e+01   0.0000000e+00   1.0000000e+00   2.0000000e+00   0.0000000e+00   3.6576967e+03   0.0000000e+00
   0.0000000e+00   9.5000000e+01   0.0000000e+00   0.0000000e+00   1.0000000e+00   1.0000000e+00   2.9315843e+03   0.0000000e+00
   1.0000000e+00   9.6000000e+01   0.0000000e+00   0.0000000e+00   2.0000000e+00   1.0000000e+00   3.4189821e+03   0.0000000e+00
   0.0000000e+00   9.1000000e+01   0.0000000e+00   1.0000000e+00   0.0000000e+00   0.0000000e+00   1.7367968e+03   1.0000000e+00
   0.0000000e+00   3.6000000e+01   0.0000000e+00   0.0000000e+00   2.0000000e+00   0.0000000e+00   3.7143108e+03   0.0000000e+00
   1.0000000e+00   6.0000000e+01   0.0000000e+00   0.0000000e+00   1.0000000e+00   0.0000000e+00   2.1018430e+03   0.0000000e+00
   0.0000000e+00   4.7000000e+01   0.0000000e+00   2.0000000e+00   0.0000000e+00   1.0000000e+00   1.8645149e+03   1.0000000e+00
   1.0000000e+00   9.2000000e+01   0.0000000e+00   3.0000000e+00   1.0000000e+00   1.0000000e+00   2.7637955e+03   1.0000000e+00
   0.0000000e+00   6.2000000e+01   1.0000000e+00   0.0000000e+00   0.0000000e+00   0.0000000e+00   1.5149285e+03   0.0000000e+00
   0.0000000e+00   9.5000000e+01   1.0000000e+00   1.0000000e+00   1.0000000e+00   0.0000000e+00   2.3471627e+03   1.0000000e+00
   1.0000000e+00   8.4000000e+01   0.0000000e+00   3.0000000e+00   1.0000000e+00   0.0000000e+00   3.1567384e+03   0.0000000e+00
   1.0000000e+00   5.5000000e+01   0.0000000e+00   2.0000000e+00   0.0000000e+00   1.0000000e+00   1.8504963e+03   1.0000000e+00
   0.0000000e+00   3.7000000e+01   1.0000000e+00   3.0000000e+00   1.0000000e+00   1.0000000e+00   2.7897317e+03   1.0000000e+00
   0.0000000e+00   4.3000000e+01   1.0000000e+00   3.0000000e+00   1.0000000e+00   1.0000000e+00   2.4102097e+03   0.0000000e+00
   0.0000000e+00   4.6000000e+01   1.0000000e+00   2.0000000e+00   2.0000000e+00   1.0000000e+00   3.7375238e+03   0.0000000e+00
   0.0000000e+00   3.4000000e+01   1.0000000e+00   0.0000000e+00   0.0000000e+00   0.0000000e+00   1.7979820e+03   0.0000000e+00
   0.0000000e+00   4.6000000e+01   0.0000000e+00   3.0000000e+00   1.0000000e+00   1.0000000e+00   2.4337420e+03   1.0000000e+00
   0.0000000e+00   3.4000000e+01   1.0000000e+00   2.0000000e+00   2.0000000e+00   0.0000000e+00   3.6801789e+03   0.0000000e+00
   1.0000000e+00   3.4000000e+01   0.0000000e+00   0.0000000e+00   1.0000000e+00   1.0000000e+00   2.8718664e+03   0.0000000e+00
   0.0000000e+00   4.8000000e+01   1.0000000e+00   2.0000000e+00   0.0000000e+00   1.0000000e+00   1.7205433e+03   1.0000000e+00
   0.0000000e+00   9.5000000e+01   1.0000000e+00   0.0000000e+00   1.0000000e+00   1.0000000e+00   2.8750224e+03   1.0000000e+00
   0.0000000e+00   9.6000000e+01   0.0000000e+00   3.0000000e+00   1.0000000e+00   1.0000000e+00   2.6190866e+03   1.0000000e+00
   1.0000000e+00   9.5000000e+01   1.0000000e+00   0.0000000e+00   0.0000000e+00   1.0000000e+00   1.5449475e+03   1.0000000e+00
   0.0000000e+00   6.3000000e+01   1.0000000e+00   1.0000000e+00   1.0000000e+00   0.0000000e+00   2.9514706e+03   0.0000000e+00
   0.0000000e+00   8.4000000e+01   1.0000000e+00   0.0000000e+00   0.0000000e+00   0.0000000e+00   1.3971406e+03   0.0000000e+00
   0.0000000e+00   4.5000000e+01   0.0000000e+00   2.0000000e+00   0.0000000e+00   0.0000000e+00   1.9846422e+03   0.0000000e+00
   0.0000000e+00   4.5000000e+01   1.0000000e+00   0.0000000e+00   1.0000000e+00   1.0000000e+00   2.4349080e+03   0.0000000e+00
   0.0000000e+00   3.4000000e+01   1.0000000e+00   1.0000000e+00   1.0000000e+00   1.0000000e+00   2.7839154e+03   0.0000000e+00
   0.0000000e+00   9.1000000e+01   1.0000000e+00   0.0000000e+00   2.0000000e+00   0.0000000e+00   3.4151402e+03   0.0000000e+00
   0.0000000e+00   7.7000000e+01   0.0000000e+00   2.0000000e+00   1.0000000e+00   0.0000000e+00   2.3210518e+03   1.0000000e+00
   0.0000000e+00   3.4000000e+01   0.0000000e+00   2.0000000e+00   1.0000000e+00   1.0000000e+00   2.1004042e+03   1.0000000e+00
   0.0000000e+00   3.4000000e+01   1.0000000e+00   0.0000000e+00   1.0000000e+00   0.0000000e+00   2.4169152e+03   0.0000000e+00
   0.0000000e+00   5.2000000e+01   1.0000000e+00   2.0000000e+00   1.0000000e+00   0.0000000e+00   2.8266620e+03   0.0000000e+00
   1.0000000e+00   1.0000000e+02   0.0000000e+00   0.0000000e+00   0.0000000e+00   1.0000000e+00   1.4592591e+03   1.0000000e+00
   0.0000000e+00   8.8000000e+01   1.0000000e+00   2.0000000e+00   1.0000000e+00   1.0000000e+00   2.9361431e+03   1.0000000e+00
   0.0000000e+00   7.3000000e+01   1.0000000e+00   1.0000000e+00   0.0000000e+00   1.0000000e+00   1.6473564e+03   1.0000000e+00
   0.0000000e+00   6.5000000e+01   1.0000000e+00   1.0000000e+00   1.0000000e+00   0.0000000e+00   2.9375884e+03   0.0000000e+00
   0.0000000e+00   7.8000000e+01   1.0000000e+00   1.0000000e+00   0.0000000e+00   0.0000000e+00   1.5993341e+03   0.0000000e+00
   0.0000000e+00   3.4000000e+01   0.0000000e+00   3.0000000e+00   1.0000000e+00   0.0000000e+00   3.1065628e+03   0.0000000e+00
   0.0000000e+00   5.5000000e+01   1.0000000e+00   1.0000000e+00   1.0000000e+00   0.0000000e+00   3.2858535e+03   0.0000000e+00
   0.0000000e+00   9.7000000e+01   1.0000000e+00   2.0000000e+00   0.0000000e+00   1.0000000e+00   1.6094896e+03   1.0000000e+00
   0.0000000e+00   8.3000000e+01   0.0000000e+00   2.0000000e+00   1.0000000e+00   1.0000000e+00   2.8240441e+03   1.0000000e+00
   0.0000000e+00   4.5000000e+01   0.0000000e+00   2.0000000e+00   1.0000000e+00   0.0000000e+00   2.5932876e+03   0.0000000e+00
   0.0000000e+00   3.4000000e+01   0.0000000e+00   3.0000000e+00   0.0000000e+00   0.0000000e+00   1.7557384e+03   0.0000000e+00
   0.0000000e+00   8.8000000e+01   0.0000000e+00   3.0000000e+00   1.0000000e+00   2.0000000e+00   2.9435770e+03   1.0000000e+00
   0.0000000e+00   8.1000000e+01   1.0000000e+00   3.0000000e+00   0.0000000e+00   1.0000000e+00   1.5206338e+03   1.0000000e+00
   0.0000000e+00   7.4000000e+01   0.0000000e+00   1.0000000e+00   1.0000000e+00   1.0000000e+00   2.5645457e+03   1.0000000e+00
   0.0000000e+00   6.5000000e+01   1.0000000e+00   3.0000000e+00   1.0000000e+00   0.0000000e+00   2.1873084e+03   0.0000000e+00
   0.0000000e+00   8.7000000e+01   0.0000000e+00   0.0000000e+00   1.0000000e+00   1.0000000e+00   2.9311090e+03   0.0000000e+00
   0.0000000e+00   8.1000000e+01   1.0000000e+00   3.0000000e+00   1.0000000e+00   1.0000000e+00   3.1802748e+03   1.0000000e+00
   0.0000000e+00   7.3000000e+01   0.0000000e+00   3.0000000e+00   1.0000000e+00   0.0000000e+00   3.3016269e+03   0.0000000e+00
   1.0000000e+00   4.5000000e+01   0.0000000e+00   1.0000000e+00   0.0000000e+00   0.0000000e+00   1.8353998e+03   0.0000000e+00
   1.0000000e+00   4.0000000e+01   1.0000000e+00   2.0000000e+00   1.0000000e+00   0.0000000e+00   2.1273848e+03   0.0000000e+00
   0.0000000e+00   5.3000000e+01   0.0000000e+00   1.0000000e+00   1.0000000e+00   0.0000000e+00   2.3970477e+03   0.0000000e+00
   0.0000000e+00   4.3000000e+01   0.0000000e+00   1.0000000e+00   2.0000000e+00   1.0000000e+00   3.5073610e+03   0.0000000e+00
   0.0000000e+00   9.6000000e+01   1.0000000e+00   2.0000000e+00   2.0000000e+00   1.0000000e+00   3.6746835e+03   1.0000000e+00
   1.0000000e+00   6.5000000e+01   1.0000000e+00   3.0000000e+00   1.0000000e+00   0.0000000e+00   2.8716027e+03   1.0000000e+00
   1.0000000e+00   5.2000000e+01   0.0000000e+00   0.0000000e+00   1.0000000e+00   0.0000000e+00   2.6157592e+03   0.0000000e+00
   1.0000000e+00   4.8000000e+01   0.0000000e+00   3.0000000e+00   1.0000000e+00   0.0000000e+00   2.2884582e+03   0.0000000e+00
   0.0000000e+00   9.7000000e+01   0.0000000e+00   1.0000000e+00   0.0000000e+00   0.0000000e+00   1.4920764e+03   0.0000000e+00
   0.0000000e+00   8.0000000e+01   1.0000000e+00   1.0000000e+00   1.0000000e+00   0.0000000e+00   2.6231874e+03   0.0000000e+00
   0.0000000e+00   3.6000000e+01   0.0000000e+00   0.0000000e+00   0.0000000e+00   0.0000000e+00   1.4803548e+03   0.0000000e+00
   0.0000000e+00   5.8000000e+01   1.0000000e+00   3.0000000e+00   1.0000000e+00   0.0000000e+00   2.5715550e+03   0.0000000e+00
   0.0000000e+00   6.7000000e+01   0.0000000e+00   2.0000000e+00   0.0000000e+00   0.0000000e+00   1.5689003e+03   0.0000000e+00
   0.0000000e+00   4.0000000e+01   1.0000000e+00   3.0000000e+00   2.0000000e+00   1.0000000e+00   3.6915886e+03   0.0000000e+00
   0.0000000e+00   3.4000000e+01   0.0000000e+00   1.0000000e+00   0.0000000e+00   0.0000000e+00   1.4856240e+03   0.0000000e+00
   0.0000000e+00   3.4000000e+01   1.0000000e+00   0.0000000e+00   1.0000000e+00   0.0000000e+00   2.3342996e+03   0.0000000e+00
   0.0000000e+00   9.1000000e+01   1.0000000e+00   2.0000000e+00   0.0000000e+00   0.0000000e+00   1.6393003e+03   0.0000000e+00
   0.0000000e+00   5.5000000e+01   0.0000000e+00   0.0000000e+00   1.0000000e+00   1.0000000e+00   3.2598765e+03   0.0000000e+00
   0.0000000e+00   3.4000000e+01   0.0000000e+00   1.0000000e+00   1.0000000e+00   0.0000000e+00   2.7306565e+03   0.0000000e+00
   0.0000000e+00   5.9000000e+01   1.0000000e+00   0.0000000e+00   0.0000000e+00   1.0000000e+00   1.6819661e+03   0.0000000e+00
   0.0000000e+00   9.4000000e+01   0.0000000e+00   2.0000000e+00   2.0000000e+00   0.0000000e+00   3.4277910e+03   0.0000000e+00
   0.0000000e+00   3.9000000e+01   1.0000000e+00   2.0000000e+00   0.0000000e+00   0.0000000e+00   2.0482215e+03   0.0000000e+00
   0.0000000e+00   9.2000000e+01   1.0000000e+00   3.0000000e+00   1.0000000e+00   0.0000000e+00   2.6516582e+03   1.0000000e+00
   0.0000000e+00   6.7000000e+01   0.0000000e+00   1.0000000e+00   0.0000000e+00   0.0000000e+00   1.9732488e+03   0.0000000e+00
   0.0000000e+00   5.7000000e+01   1.0000000e+00   3.0000000e+00   0.0000000e+00   0.0000000e+00   2.0138593e+03   1.0000000e+00
   0.0000000e+00   1.0100000e+02   1.0000000e+00   1.0000000e+00   1.0000000e+00   1.0000000e+00   2.2330346e+03   1.0000000e+00
   0.0000000e+00   4.7000000e+01   0.0000000e+00   2.0000000e+00   1.0000000e+00   1.0000000e+00   3.1106480e+03   0.0000000e+00
   0.0000000e+00   9.1000000e+01   1.0000000e+00   1.0000000e+00   1.0000000e+00   0.0000000e+00   2.1114620e+03   1.0000000e+00
   0.0000000e+00   6.8000000e+01   1.0000000e+00   1.0000000e+00   2.0000000e+00   1.0000000e+00   3.7242164e+03   0.0000000e+00
   0.0000000e+00   5.6000000e+01   0.0000000e+00   3.0000000e+00   0.0000000e+00   1.0000000e+00   1.8960828e+03   1.0000000e+00
   0.0000000e+00   9.7000000e+01   0.0000000e+00   0.0000000e+00   2.0000000e+00   2.0000000e+00   3.6787679e+03   0.0000000e+00
   0.0000000e+00   9.5000000e+01   0.0000000e+00   0.0000000e+00   0.0000000e+00   0.0000000e+00   1.9334606e+03   0.0000000e+00
   0.0000000e+00   9.5000000e+01   1.0000000e+00   0.0000000e+00   0.0000000e+00   0.0000000e+00   1.6052672e+03   0.0000000e+00
   1.0000000e+00   5.5000000e+01   1.0000000e+00   1.0000000e+00   2.0000000e+00   0.0000000e+00   3.6720354e+03   0.0000000e+00
   0.0000000e+00   3.4000000e+01   0.0000000e+00   2.0000000e+00   1.0000000e+00   1.0000000e+00   2.1045507e+03   1.0000000e+00
   1.0000000e+00   6.2000000e+01   1.0000000e+00   1.0000000e+00   1.0000000e+00   1.0000000e+00   2.2047394e+03   1.0000000e+00
   0.0000000e+00   6.0000000e+01   0.0000000e+00   2.0000000e+00   1.0000000e+00   1.0000000e+00   2.2908711e+03   0.0000000e+00
   0.0000000e+00   4.4000000e+01   0.0000000e+00   0.0000000e+00   2.0000000e+00   0.0000000e+00   3.7916548e+03   0.0000000e+00
   0.0000000e+00   8.3000000e+01   1.0000000e+00   0.0000000e+00   1.0000000e+00   0.0000000e+00   2.9657971e+03   0.0000000e+00
   0.0000000e+00   3.4000000e+01   0.0000000e+00   1.0000000e+00   1.0000000e+00   1.0000000e+00   2.1089699e+03   0.0000000e+00
   0.0000000e+00   1.0000000e+02   0.0000000e+00   0.0000000e+00   1.0000000e+00   1.0000000e+00   3.2134979e+03   0.0000000e+00
   0.0000000e+00   9.3000000e+01   1.0000000e+00   2.0000000e+00   2.0000000e+00   1.0000000e+00   3.7278362e+03   1.0000000e+00
   1.0000000e+00   5.3000000e+01   1.0000000e+00   2.0000000e+00   2.0000000e+00   0.0000000e+00   3.7074844e+03   0.0000000e+00
   0.0000000e+00   3.5000000e+01   0.0000000e+00   2.0000000e+00   2.0000000e+00   2.0000000e+00   3.7244263e+03   0.0000000e+00
   0.0000000e+00   3.4000000e+01   1.0000000e+00   3.0000000e+00   1.0000000e+00   1.0000000e+00   2.8933312e+03   1.0000000e+00
   0.0000000e+00   5.4000000e+01   1.0000000e+00   3.0000000e+00   2.0000000e+00   0.0000000e+00   3.7067977e+03   0.0000000e+00
   0.0000000e+00   3.4000000e+01   1.0000000e+00   3.0000000e+00   1.0000000e+00   0.0000000e+00   2.1659531e+03   0.0000000e+00
   0.0000000e+00   8.3000000e+01   1.0000000e+00   1.0000000e+00   0.0000000e+00   1.0000000e+00   1.9916646e+03   1.0000000e+00
   0.0000000e+00   3.6000000e+01   0.0000000e+00   1.0000000e+00   0.0000000e+00   2.0000000e+00   1.8009257e+03   0.0000000e+00
   0.0000000e+00   7.4000000e+01   1.0000000e+00   1.0000000e+00   1.0000000e+00   1.0000000e+00   2.4312229e+03   0.0000000e+00
   1.0000000e+00   5.6000000e+01   1.0000000e+00   0.0000000e+00   0.0000000e+00   0.0000000e+00   1.4678305e+03   0.0000000e+00
   0.0000000e+00   5.7000000e+01   1.0000000e+00   2.0000000e+00   0.0000000e+00   0.0000000e+00   1.7946897e+03   1.0000000e+00
   1.0000000e+00   5.3000000e+01   0.0000000e+00   0.0000000e+00   1.0000000e+00   0.0000000e+00   2.9952134e+03   0.0000000e+00
   0.0000000e+00   8.3000000e+01   1.0000000e+00   1.0000000e+00   2.0000000e+00   0.0000000e+00   3.4749348e+03   0.0000000e+00
   1.0000000e+00   6.4000000e+01   0.0000000e+00   1.0000000e+00   0.0000000e+00   0.0000000e+00   1.7266789e+03   0.0000000e+00
   0.0000000e+00   7.6000000e+01   1.0000000e+00   0.0000000e+00   1.0000000e+00   2.0000000e+00   2.4622911e+03   0.0000000e+00
   0.0000000e+00   7.6000000e+01   1.0000000e+00   0.0000000e+00   2.0000000e+00   0.0000000e+00   3.4595346e+03   0.0000000e+00
   0.0000000e+00   8.2000000e+01   1.0000000e+00   1.0000000e+00   1.0000000e+00   1.0000000e+00   2.6979127e+03   1.0000000e+00
   0.0000000e+00   3.5000000e+01   0.0000000e+00   0.0000000e+00   0.0000000e+00   1.0000000e+00   1.7107847e+03   0.0000000e+00
   0.0000000e+00   4.3000000e+01   0.0000000e+00   1.0000000e+00   1.0000000e+00   1.0000000e+00   2.6925945e+03   0.0000000e+00
   0.0000000e+00   7.1000000e+01   1.0000000e+00   2.0000000e+00   2.0000000e+00   1.0000000e+00   3.6684238e+03   0.0000000e+00
   0.0000000e+00   8.3000000e+01   0.0000000e+00   1.0000000e+00   1.0000000e+00   1.0000000e+00   2.5478113e+03   1.0000000e+00
   1.0000000e+00   9.2000000e+01   0.0000000e+00   2.0000000e+00   2.0000000e+00   0.0000000e+00   3.7156630e+03   0.0000000e+00
   0.0000000e+00   8.2000000e+01   1.0000000e+00   3.0000000e+00   0.0000000e+00   0.0000000e+00   1.8198004e+03   1.0000000e+00
   0.0000000e+00   1.0000000e+02   1.0000000e+00   0.0000000e+00   1.0000000e+00   1.0000000e+00   2.8183887e+03   1.0000000e+00
   0.0000000e+00   6.2000000e+01   1.0000000e+00   3.0000000e+00   1.0000000e+00   1.0000000e+00   2.5196230e+03   1.0000000e+00
   0.0000000e+00   3.4000000e+01   0.0000000e+00   1.0000000e+00   1.0000000e+00   0.0000000e+00   2.7576509e+03   0.0000000e+00
   0.0000000e+00   6.3000000e+01   0.0000000e+00   2.0000000e+00   2.0000000e+00   0.0000000e+00   3.5408348e+03   0.0000000e+00
   0.0000000e+00   1.0000000e+02   0.0000000e+00   2.0000000e+00   0.0000000e+00   0.0000000e+00   1.8548983e+03   1.0000000e+00
   0.0000000e+00   3.9000000e+01   1.0000000e+00   2.0000000e+00   1.0000000e+00   1.0000000e+00   2.0990071e+03   1.0000000e+00
   0.0000000e+00   6.0000000e+01   1.0000000e+00   1.0000000e+00   2.0000000e+00   1.0000000e+00   3.5627911e+03   0.0000000e+00
   0.0000000e+00   5.3000000e+01   1.0000000e+00   2.0000000e+00   0.0000000e+00   1.0000000e+00   1.4241065e+03   1.0000000e+00
   0.0000000e+00   6.2000000e+01   0.0000000e+00   0.0000000e+00   0.0000000e+00   2.0000000e+00   1.4647799e+03   1.0000000e+00
   0.0000000e+00   9.9000000e+01   0.0000000e+00   3.0000000e+00   2.0000000e+00   0.0000000e+00   3.6420148e+03   0.0000000e+00
   0.0000000e+00   6.2000000e+01   1.0000000e+00   1.0000000e+00   1.0000000e+00   0.0000000e+00   2.2653302e+03   0.0000000e+00
   0.0000000e+00   6.2000000e+01   0.0000000e+00   1.0000000e+00   1.0000000e+00   2.0000000e+00   2.8177640e+03   0.0000000e+00
   0.0000000e+00   3.4000000e+01   0.0000000e+00   3.0000000e+00   1.0000000e+00   1.0000000e+00   2.5110704e+03   1.0000000e+00
   0.0000000e+00   9.6000000e+01   1.0000000e+00   2.0000000e+00   1.0000000e+00   2.0000000e+00   2.1949677e+03   1.0000000e+00
   1.0000000e+00   4.3000000e+01   0.0000000e+00   0.0000000e+00   2.0000000e+00   1.0000000e+00   3.4687535e+03   0.0000000e+00
   0.0000000e+00   6.9000000e+01   1.0000000e+00   2.0000000e+00   0.0000000e+00   1.0000000e+00   1.6142509e+03   1.0000000e+00
   0.0000000e+00   5.9000000e+01   1.0000000e+00   0.0000000e+00   1.0000000e+00   0.0000000e+00   2.1520031e+03   0.0000000e+00
   0.0000000e+00   3.7000000e+01   0.0000000e+00   1.0000000e+00   1.0000000e+00   0.0000000e+00   3.0390722e+03   0.0000000e+00
   0.0000000e+00   5.6000000e+01   1.0000000e+00   3.0000000e+00   0.0000000e+00   1.0000000e+00   1.9561600e+03   1.0000000e+00
   0.0000000e+00   3.4000000e+01   1.0000000e+00   2.0000000e+00   0.0000000e+00   0.0000000e+00   1.7906241e+03   0.0000000e+00
   0.0000000e+00   4.7000000e+01   1.0000000e+00   0.0000000e+00   2.0000000e+00   1.0000000e+00   3.4943786e+03   0.0000000e+00
   0.0000000e+00   3.4000000e+01   0.0000000e+00   0.0000000e+00   0.0000000e+00   0.0000000e+00   2.0366534e+03   0.0000000e+00
   0.0000000e+00   3.4000000e+01   0.0000000e+00   1.0000000e+00   1.0000000e+00   1.0000000e+00   2.5042326e+03   0.0000000e+00
   0.0000000e+00   7.8000000e+01   1.0000000e+00   2.0000000e+00   1.0000000e+00   0.0000000e+00   2.9476655e+03   1.0000000e+00
   0.0000000e+00   5.8000000e+01   0.0000000e+00   0.0000000e+00   2.0000000e+00   1.0000000e+00   3.3671742e+03   0.0000000e+00
   0.0000000e+00   4.5000000e+01   0.0000000e+00   1.0000000e+00   1.0000000e+00   1.0000000e+00   2.2684314e+03   0.0000000e+00
   0.0000000e+00   3.4000000e+01   1.0000000e+00   1.0000000e+00   1.0000000e+00   1.0000000e+00   2.7387902e+03   0.0000000e+00
   0.0000000e+00   7.3000000e+01   1.0000000e+00   3.0000000e+00   0.0000000e+00   1.0000000e+00   2.0658991e+03   1.0000000e+00
   0.0000000e+00   4.7000000e+01   1.0000000e+00   1.0000000e+00   2.0000000e+00   1.0000000e+00   3.5854374e+03   0.0000000e+00
   0.0000000e+00   7.5000000e+01   0.0000000e+00   3.0000000e+00   0.0000000e+00   0.0000000e+00   1.5768993e+03   1.0000000e+00
   0.0000000e+00   9.9000000e+01   0.0000000e+00   1.0000000e+00   0.0000000e+00   0.0000000e+00   1.9499305e+03   0.0000000e+00
   0.0000000e+00   3.4000000e+01   1.0000000e+00   0.0000000e+00   0.0000000e+00   1.0000000e+00   1.5494802e+03   0.0000000e+00
   0.0000000e+00   8.8000000e+01   0.0000000e+00   1.0000000e+00   0.0000000e+00   0.0000000e+00   1.4626225e+03   1.0000000e+00
   0.0000000e+00   5.9000000e+01   0.0000000e+00   0.0000000e+00   1.0000000e+00   1.0000000e+00   2.7538074e+03   0.0000000e+00
   0.0000000e+00   3.7000000e+01   0.0000000e+00   0.0000000e+00   0.0000000e+00   1.0000000e+00   1.5571509e+03   0.0000000e+00
   1.0000000e+00   6.8000000e+01   1.0000000e+00   3.0000000e+00   0.0000000e+00   1.0000000e+00   1.4645414e+03   1.0000000e+00
   0.0000000e+00   7.1000000e+01   0.0000000e+00   2.0000000e+00   0.0000000e+00   0.0000000e+00   1.8879990e+03   1.0000000e+00
   0.0000000e+00   4.5000000e+01   1.0000000e+00   0.0000000e+00   0.0000000e+00   0.0000000e+00   1.6610590e+03   0.0000000e+00
   0.0000000e+00   3.4000000e+01   0.0000000e+00   0.0000000e+00   0.0000000e+00   0.0000000e+00   2.0581794e+03   0.0000000e+00
   0.0000000e+00   5.4000000e+01   1.0000000e+00   1.0000000e+00   0.0000000e+00   1.0000000e+00   1.7465163e+03   0.0000000e+00
   0.0000000e+00   1.0000000e+02   1.0000000e+00   2.0000000e+00   1.0000000e+00   1.0000000e+00   2.2450919e+03   1.0000000e+00
   0.0000000e+00   9.0000000e+01   0.0000000e+00   3.0000000e+00   1.0000000e+00   1.0000000e+00   2.1603548e+03   1.0000000e+00
   0.0000000e+00   4.7000000e+01   1.0000000e+00   3.0000000e+00   1.0000000e+00   1.0000000e+00   2.3926677e+03   1.0000000e+00
   0.0000000e+00   3.4000000e+01   1.0000000e+00   0.0000000e+00   1.0000000e+00   1.0000000e+00   2.4013231e+03   0.0000000e+00
   1.0000000e+00   4.8000000e+01   1.0000000e+00   1.0000000e+00   1.0000000e+00   1.0000000e+00   3.1060435e+03   0.0000000e+00
   0.0000000e+00   5.2000000e+01   1.0000000e+00   0.0000000e+00   0.0000000e+00   1.0000000e+00   1.9102533e+03   1.0000000e+00
   0.0000000e+00   7.2000000e+01   1.0000000e+00   2.0000000e+00   1.0000000e+00   1.0000000e+00   3.2411472e+03   0.0000000e+00
   0.0000000e+00   3.4000000e+01   1.0000000e+00   3.0000000e+00   1.0000000e+00   0.0000000e+00   2.2422690e+03   0.0000000e+00
   1.0000000e+00   8.8000000e+01   0.0000000e+00   2.0000000e+00   2.0000000e+00   0.0000000e+00   3.5031524e+03   0.0000000e+00
   0.0000000e+00   5.8000000e+01   1.0000000e+00   0.0000000e+00   0.0000000e+00   0.0000000e+00   1.8304205e+03   1.0000000e+00
   0.0000000e+00   4.7000000e+01   0.0000000e+00   3.0000000e+00   2.0000000e+00   1.0000000e+00   3.7036834e+03   0.0000000e+00
   0.0000000e+00   9.7000000e+01   1.0000000e+00   1.0000000e+00   0.0000000e+00   2.0000000e+00   1.7694868e+03   1.0000000e+00
   0.0000000e+00   4.1000000e+01   1.0000000e+00   2.0000000e+00   1.0000000e+00   0.0000000e+00   2.7949348e+03   0.0000000e+00
   1.0000000e+00   3.4000000e+01   1.0000000e+00   1.0000000e+00   1.0000000e+00   1.0000000e+00   3.0389358e+03   0.0000000e+00
   0.0000000e+00   8.2000000e+01   1.0000000e+00   3.0000000e+00   2.0000000e+00   1.0000000e+00   3.6156295e+03   1.0000000e+00
   0.0000000e+00   7.8000000e+01   0.0000000e+00   0.0000000e+00   2.0000000e+00   1.0000000e+00   3.8000000e+03   0.0000000e+00
   0.0000000e+00   8.4000000e+01   0.0000000e+00   0.0000000e+00   0.0000000e+00   0.0000000e+00   1.6444552e+03   0.0000000e+00
   0.0000000e+00   5.2000000e+01   0.0000000e+00   2.0000000e+00   0.0000000e+00   0.0000000e+00   1.4863883e+03   0.0000000e+00
   0.0000000e+00   8.3000000e+01   0.0000000e+00   2.0000000e+00   1.0000000e+00   0.0000000e+00   3.3015673e+03   0.0000000e+00
   0.0000000e+00   8.5000000e+01   0.0000000e+00   1.0000000e+00   1.0000000e+00   0.0000000e+00   3.0901950e+03   0.0000000e+00
   0.0000000e+00   7.5000000e+01   1.0000000e+00   2.0000000e+00   1.0000000e+00   0.0000000e+00   2.8175011e+03   0.0000000e+00
   0.0000000e+00   5.3000000e+01   0.0000000e+00   2.0000000e+00   1.0000000e+00   1.0000000e+00   3.0557642e+03   0.0000000e+00
   1.0000000e+00   9.5000000e+01   0.0000000e+00   1.0000000e+00   0.0000000e+00   1.0000000e+00   1.8709861e+03   1.0000000e+00
   0.0000000e+00   6.6000000e+01   0.0000000e+00   0.0000000e+00   1.0000000e+00   1.0000000e+00   2.7117426e+03   0.0000000e+00
   0.0000000e+00   5.6000000e+01   1.0000000e+00   3.0000000e+00   1.0000000e+00   0.0000000e+00   2.7191627e+03   0.0000000e+00
   0.0000000e+00   3.4000000e+01   0.0000000e+00   3.0000000e+00   2.0000000e+00   0.0000000e+00   3.3737629e+03   0.0000000e+00
   0.0000000e+00   4.1000000e+01   1.0000000e+00   0.0000000e+00   0.0000000e+00   1.0000000e+00   1.7945893e+03   0.0000000e+00
   0.0000000e+00   3.8000000e+01   1.0000000e+00   3.0000000e+00   1.0000000e+00   0.0000000e+00   2.5361909e+03   0.0000000e+00
   1.0000000e+00   7.4000000e+01   1.0000000e+00   3.0000000e+00   0.0000000e+00   0.0000000e+00   1.7733507e+03   1.0000000e+00
   1.0000000e+00   7.6000000e+01   1.0000000e+00   2.0000000e+00   1.0000000e+00   0.0000000e+00   3.0076904e+03   0.0000000e+00
   0.0000000e+00   3.4000000e+01   1.0000000e+00   3.0000000e+00   1.0000000e+00   0.0000000e+00   2.4489919e+03   0.0000000e+00
   0.0000000e+00   4.6000000e+01   1.0000000e+00   2.0000000e+00   1.0000000e+00   0.0000000e+00   2.3262884e+03   0.0000000e+00
   0.0000000e+00   4.9000000e+01   0.0000000e+00   3.0000000e+00   2.0000000e+00   0.0000000e+00   3.5149843e+03   0.0000000e+00
   1.0000000e+00   4.3000000e+01   0.0000000e+00   3.0000000e+00   0.0000000e+00   0.0000000e+00   1.5495774e+03   0.0000000e+00
   0.0000000e+00   8.7000000e+01   1.0000000e+00   0.0000000e+00   2.0000000e+00   0.0000000e+00   3.7455016e+03   0.0000000e+00
   0.0000000e+00   3.4000000e+01   0.0000000e+00   0.0000000e+00   2.0000000e+00   1.0000000e+00   3.6114054e+03   0.0000000e+00
   0.0000000e+00   4.3000000e+01   1.0000000e+00   3.0000000e+00   1.0000000e+00   2.0000000e+00   3.2448184e+03   0.0000000e+00
   0.0000000e+00   7.6000000e+01   0.0000000e+00   3.0000000e+00   0.0000000e+00   1.0000000e+00   1.7604246e+03   1.0000000e+00
   0.0000000e+00   5.6000000e+01   1.0000000e+00   3.0000000e+00   1.0000000e+00   1.0000000e+00   2.7232062e+03   1.0000000e+00
   0.0000000e+00   6.4000000e+01   0.0000000e+00   0.0000000e+00   1.0000000e+00   0.0000000e+00   2.6214514e+03   0.0000000e+00
   1.0000000e+00   6.2000000e+01   0.0000000e+00   0.0000000e+00   1.0000000e+00   0.0000000e+00   2.2056254e+03   0.0000000e+00
   1.0000000e+00   6.7000000e+01   0.0000000e+00   1.0000000e+00   1.0000000e+00   1.0000000e+00   2.4814908e+03   1.0000000e+00
   0.0000000e+00   3.4000000e+01   0.0000000e+00   3.0000000e+00   1.0000000e+00   0.0000000e+00   2.2430954e+03   0.0000000e+00
   0.0000000e+00   3.4000000e+01   0.0000000e+00   0.0000000e+00   0.0000000e+00   0.0000000e+00   1.8964021e+03   0.0000000e+00
   0.0000000e+00   6.5000000e+01   0.0000000e+00   2.0000000e+00   0.0000000e+00   0.0000000e+00   1.5390928e+03   0.0000000e+00
   0.0000000e+00   3.4000000e+01   0.0000000e+00   2.0000000e+00   1.0000000e+00   1.0000000e+00   2.6045030e+03   0.0000000e+00
   1.0000000e+00   6.6000000e+01   1.0000000e+00   1.0000000e+00   1.0000000e+00   2.0000000e+00   3.3046082e+03   0.0000000e+00
   0.0000000e+00   3.5000000e+01   1.0000000e+00   0.0000000e+00   1.0000000e+00   1.0000000e+00   2.3070953e+03   1.0000000e+00
   0.0000000e+00   7.8000000e+01   1.0000000e+00   1.0000000e+00   1.0000000e+00   0.0000000e+00   2.4073509e+03   0.0000000e+00
   0.0000000e+00   7.3000000e+01   0.0000000e+00   0.0000000e+00   1.0000000e+00   1.0000000e+00   2.6008685e+03   0.0000000e+00
   0.0000000e+00   3.5000000e+01   1.0000000e+00   1.0000000e+00   2.0000000e+00   0.0000000e+00   3.4658482e+03   0.0000000e+00
   0.0000000e+00   9.1000000e+01   0.0000000e+00   1.0000000e+00   2.0000000e+00   0.0000000e+00   3.5954532e+03   0.0000000e+00
   0.0000000e+00   8.1000000e+01   0.0000000e+00   3.0000000e+00   1.0000000e+00   1.0000000e+00   2.9507121e+03   1.0000000e+00
   0.0000000e+00   4.5000000e+01   0.0000000e+00   2.0000000e+00   1.0000000e+00   1.0000000e+00   2.8083679e+03   0.0000000e+00
   0.0000000e+00   5.5000000e+01   1.0000000e+00   1.0000000e+00   2.0000000e+00   1.0000000e+00   3.6824579e+03   0.0000000e+00
   0.0000000e+00   6.3000000e+01   1.0000000e+00   3.0000000e+00   2.0000000e+00   1.0000000e+00   3.5230314e+03   0.0000000e+00
   0.0000000e+00   3.4000000e+01   0.0000000e+00   0.0000000e+00   0.0000000e+00   1.0000000e+00   1.3701151e+03   0.0000000e+00
   0.0000000e+00   3.8000000e+01   1.0000000e+00   0.0000000e+00   0.0000000e+00   1.0000000e+00   1.7427675e+03   1.0000000e+00
   0.0000000e+00   9.9000000e+01   0.0000000e+00   3.0000000e+00   1.0000000e+00   0.0000000e+00   2.2945783e+03   1.0000000e+00
   0.0000000e+00   8.3000000e+01   1.0000000e+00   2.0000000e+00   2.0000000e+00   0.0000000e+00   3.3297907e+03   0.0000000e+00
   0.0000000e+00   4.7000000e+01   0.0000000e+00   0.0000000e+00   0.0000000e+00   0.0000000e+00   1.5864350e+03   0.0000000e+00
   0.0000000e+00   8.5000000e+01   1.0000000e+00   1.0000000e+00   1.0000000e+00   1.0000000e+00   2.5149834e+03   1.0000000e+00
   0.0000000e+00   8.5000000e+01   1.0000000e+00   3.0000000e+00   1.0000000e+00   0.0000000e+00   2.1713905e+03   0.0000000e+00
   0.0000000e+00   8.0000000e+01   1.0000000e+00   2.0000000e+00   1.0000000e+00   0.0000000e+00   3.3124283e+03   0.0000000e+00
   1.0000000e+00   7.2000000e+01   1.0000000e+00   3.0000000e+00   2.0000000e+00   1.0000000e+00   3.7847631e+03   1.0000000e+00
   0.0000000e+00   3.5000000e+01   1.0000000e+00   2.0000000e+00   1.0000000e+00   0.0000000e+00   2.5192049e+03   0.0000000e+00
   0.0000000e+00   5.9000000e+01   0.0000000e+00   1.0000000e+00   1.0000000e+00   1.0000000e+00   2.7403596e+03   0.0000000e+00
   1.0000000e+00   3.4000000e+01   1.0000000e+00   0.0000000e+00   0.0000000e+00   1.0000000e+00   1.4335491e+03   1.0000000e+00
   0.0000000e+00   4.1000000e+01   1.0000000e+00   3.0000000e+00   0.0000000e+00   1.0000000e+00   2.0470138e+03   1.0000000e+00
   0.0000000e+00   9.5000000e+01   0.0000000e+00   3.0000000e+00   1.0000000e+00   1.0000000e+00   3.1839909e+03   1.0000000e+00
   0.0000000e+00   6.9000000e+01   0.0000000e+00   3.0000000e+00   1.0000000e+00   0.0000000e+00   3.1035497e+03   0.0000000e+00
   0.0000000e+00   8.1000000e+01   1.0000000e+00   2.0000000e+00   2.0000000e+00   0.0000000e+00   3.5240031e+03   0.0000000e+00
   0.0000000e+00   9.9000000e+01   1.0000000e+00   0.0000000e+00   1.0000000e+00   1.0000000e+00   3.0717482e+03   1.0000000e+00
   0.0000000e+00   8.4000000e+01   0.0000000e+00   1.0000000e+00   1.0000000e+00   0.0000000e+00   3.2833867e+03   0.0000000e+00
   0.0000000e+00   7.3000000e+01   0.0000000e+00   0.0000000e+00   1.0000000e+00   0.0000000e+00   2.7278720e+03   0.0000000e+00
   0.0000000e+00   8.2000000e+01   0.0000000e+00   3.0000000e+00   1.0000000e+00   0.0000000e+00   3.0653121e+03   0.0000000e+00
   0.0000000e+00   3.4000000e+01   0.0000000e+00   0.0000000e+00   0.0000000e+00   1.0000000e+00   1.8195930e+03   1.0000000e+00
   0.0000000e+00   8.0000000e+01   1.0000000e+00   2.0000000e+00   1.0000000e+00   1.0000000e+00   3.0191760e+03   1.0000000e+00
   0.0000000e+00   8.2000000e+01   1.0000000e+00   2.0000000e+00   0.0000000e+00   0.0000000e+00   1.4240657e+03   1.0000000e+00
   0.0000000e+00   3.4000000e+01   1.0000000e+00   1.0000000e+00   1.0000000e+00   1.0000000e+00   2.3588419e+03   1.0000000e+00
   0.0000000e+00   4.1000000e+01   1.0000000e+00   3.0000000e+00   1.0000000e+00   0.0000000e+00   2.1839712e+03   0.0000000e+00
   0.0000000e+00   4.7000000e+01   1.0000000e+00   3.0000000e+00   1.0000000e+00   0.0000000e+00   2.6647247e+03   0.0000000e+00
   0.0000000e+00   3.4000000e+01   1.0000000e+00   0.0000000e+00   0.0000000e+00   0.0000000e+00   1.6078613e+03   0.0000000e+00
   1.0000000e+00   9.2000000e+01   1.0000000e+00   0.0000000e+00   1.0000000e+00   0.0000000e+00   2.7759548e+03   0.0000000e+00
   1.0000000e+00   8.6000000e+01   0.0000000e+00   2.0000000e+00   1.0000000e+00   0.0000000e+00   2.2188748e+03   0.0000000e+00
   0.0000000e+00   3.6000000e+01   0.0000000e+00   1.0000000e+00   1.0000000e+00   0.0000000e+00   3.1031986e+03   0.0000000e+00
   0.0000000e+00   4.1000000e+01   1.0000000e+00   1.0000000e+00   1.0000000e+00   2.0000000e+00   2.6430950e+03   0.0000000e+00
   1.0000000e+00   3.4000000e+01   1.0000000e+00   0.0000000e+00   1.0000000e+00   0.0000000e+00   2.4759986e+03   0.0000000e+00
   0.0000000e+00   9.6000000e+01   1.0000000e+00   3.0000000e+00   0.0000000e+00   0.0000000e+00   1.6669562e+03   1.0000000e+00
   0.0000000e+00   3.4000000e+01   1.0000000e+00   1.0000000e+00   1.0000000e+00   0.0000000e+00   2.2752529e+03   0.0000000e+00
   0.0000000e+00   3.4000000e+01   0.0000000e+00   3.0000000e+00   1.0000000e+00   1.0000000e+00   2.7920997e+03   0.0000000e+00
   1.0000000e+00   4.5000000e+01   1.0000000e+00   0.0000000e+00   2.0000000e+00   1.0000000e+00   3.5597494e+03   0.0000000e+00
   0.0000000e+00   5.5000000e+01   1.0000000e+00   2.0000000e+00   1.0000000e+00   0.0000000e+00   3.0239888e+03   0.0000000e+00
   0.0000000e+00   4.6000000e+01   0.0000000e+00   1.0000000e+00   2.0000000e+00   0.0000000e+00   3.7611606e+03   0.0000000e+00
   0.0000000e+00   6.8000000e+01   1.0000000e+00   1.0000000e+00   0.0000000e+00   0.0000000e+00   1.8751007e+03   0.0000000e+00
   0.0000000e+00   3.4000000e+01   0.0000000e+00   3.0000000e+00   1.0000000e+00   0.0000000e+00   3.1341313e+03   0.0000000e+00
   0.0000000e+00   3.4000000e+01   1.0000000e+00   0.0000000e+00   1.0000000e+00   0.0000000e+00   2.5870361e+03   0.0000000e+00
   0.0000000e+00   5.7000000e+01   0.0000000e+00   0.0000000e+00   1.0000000e+00   1.0000000e+00   2.6026951e+03   0.0000000e+00
   0.0000000e+00   6.3000000e+01   1.0000000e+00   2.0000000e+00   1.0000000e+00   1.0000000e+00   2.4827156e+03   1.0000000e+00
   0.0000000e+00   3.4000000e+01   0.0000000e+00   1.0000000e+00   0.0000000e+00   0.0000000e+00   1.6414250e+03   0.0000000e+00
   0.0000000e+00   4.6000000e+01   0.0000000e+00   3.0000000e+00   1.0000000e+00   1.0000000e+00   2.9730211e+03   0.0000000e+00
   0.0000000e+00   6.3000000e+01   0.0000000e+00   2.0000000e+00   0.0000000e+00   2.0000000e+00   2.0189848e+03   1.0000000e+00
   0.0000000e+00   9.2000000e+01   0.0000000e+00   2.0000000e+00   0.0000000e+00   0.0000000e+00   1.6122814e+03   0.0000000e+00
   0.0000000e+00   9.1000000e+01   0.0000000e+00   1.0000000e+00   1.0000000e+00   0.0000000e+00   3.0212770e+03   0.0000000e+00
   0.0000000e+00   3.4000000e+01   0.0000000e+00   3.0000000e+00   1.0000000e+00   1.0000000e+00   3.0065113e+03   0.0000000e+00
   1.0000000e+00   3.4000000e+01   0.0000000e+00   2.0000000e+00   2.0000000e+00   1.0000000e+00   3.6316339e+03   0.0000000e+00
   0.0000000e+00   8.3000000e+01   1.0000000e+00   3.0000000e+00   1.0000000e+00   0.0000000e+00   2.1413405e+03   1.0000000e+00
   0.0000000e+00   7.3000000e+01   0.0000000e+00   0.0000000e+00   1.0000000e+00   1.0000000e+00   2.6698404e+03   0.0000000e+00
   0.0000000e+00   3.4000000e+01   0.0000000e+00   3.0000000e+00   2.0000000e+00   0.0000000e+00   3.5919584e+03   0.0000000e+00
   0.0000000e+00   4.6000000e+01   0.0000000e+00   0.0000000e+00   1.0000000e+00   1.0000000e+00   2.3522229e+03   0.0000000e+00
   0.0000000e+00   3.6000000e+01   1.0000000e+00   1.0000000e+00   0.0000000e+00   0.0000000e+00   1.9450401e+03   0.0000000e+00
   0.0000000e+00   8.5000000e+01   1.0000000e+00   3.0000000e+00   2.0000000e+00   0.0000000e+00   3.4329606e+03   0.0000000e+00
   0.0000000e+00   5.6000000e+01   0.0000000e+00   1.0000000e+00   1.0000000e+00   0.0000000e+00   3.1825529e+03   0.0000000e+00
   0.0000000e+00   9.3000000e+01   1.0000000e+00   3.0000000e+00   1.0000000e+00   1.0000000e+00   3.1419163e+03   1.0000000e+00
   0.0000000e+00   7.6000000e+01   1.0000000e+00   0.0000000e+00   1.0000000e+00   1.0000000e+00   2.7258315e+03   0.0000000e+00
   0.0000000e+00   7.5000000e+01   1.0000000e+00   1.0000000e+00   0.0000000e+00   1.0000000e+00   1.9959074e+03   1.0000000e+00
   0.0000000e+00   5.6000000e+01   1.0000000e+00   3.0000000e+00   1.0000000e+00   0.0000000e+00   2.4735971e+03   0.0000000e+00
   1.0000000e+00   3.4000000e+01   1.0000000e+00   1.0000000e+00   1.0000000e+00   1.0000000e+00   2.5316794e+03   1.0000000e+00
   0.0000000e+00   3.4000000e+01   0.0000000e+00   1.0000000e+00   0.0000000e+00   0.0000000e+00   1.8040074e+03   0.0000000e+00
   0.0000000e+00   9.6000000e+01   0.0000000e+00   1.0000000e+00   2.0000000e+00   0.0000000e+00   3.7652491e+03   0.0000000e+00
   0.0000000e+00   3.4000000e+01   1.0000000e+00   2.0000000e+00   0.0000000e+00   0.0000000e+00   2.0467436e+03   0.0000000e+00
   0.0000000e+00   4.3000000e+01   1.0000000e+00   2.0000000e+00   1.0000000e+00   1.0000000e+00   3.3066977e+03   0.0000000e+00
   0.0000000e+00   3.4000000e+01   1.0000000e+00   0.0000000e+00   1.0000000e+00   0.0000000e+00   2.4357948e+03   0.0000000e+00
   1.0000000e+00   4.5000000e+01   0.0000000e+00   0.0000000e+00   1.0000000e+00   2.0000000e+00   2.2179431e+03   1.0000000e+00
   0.0000000e+00   8.8000000e+01   0.0000000e+00   3.0000000e+00   2.0000000e+00   1.0000000e+00   3.5484916e+03   1.0000000e+00
   0.0000000e+00   9.1000000e+01   1.0000000e+00   0.0000000e+00   1.0000000e+00   1.0000000e+00   2.7304156e+03   1.0000000e+00
   1.0000000e+00   6.2000000e+01   1.0000000e+00   1.0000000e+00   2.0000000e+00   1.0000000e+00   3.7909322e+03   0.0000000e+00
   0.0000000e+00   4.4000000e+01   1.0000000e+00   2.0000000e+00   0.0000000e+00   0.0000000e+00   1.6093532e+03   1.0000000e+00
   1.0000000e+00   3.4000000e+01   0.0000000e+00   2.0000000e+00   0.0000000e+00   1.0000000e+00   1.9847851e+03   1.0000000e+00
   0.0000000e+00   9.7000000e+01   0.0000000e+00   3.0000000e+00   0.0000000e+00   0.0000000e+00   1.4308267e+03   0.0000000e+00
   0.0000000e+00   4.7000000e+01   1.0000000e+00   1.0000000e+00   0.0000000e+00   0.0000000e+00   1.5110401e+03   1.0000000e+00
   1.0000000e+00   6.7000000e+01   1.0000000e+00   2.0000000e+00   0.0000000e+00   0.0000000e+00   1.7769958e+03   1.0000000e+00
   0.0000000e+00   3.4000000e+01   0.0000000e+00   2.0000000e+00   1.0000000e+00   0.0000000e+00   3.1568674e+03   0.0000000e+00
   0.0000000e+00   5.6000000e+01   1.0000000e+00   0.0000000e+00   0.0000000e+00   1.0000000e+00   2.0084456e+03   0.0000000e+00
   0.0000000e+00   6.0000000e+01   0.0000000e+00   3.0000000e+00   2.0000000e+00   1.0000000e+00   3.4197855e+03   0.0000000e+00
   0.0000000e+00   6.0000000e+01   1.0000000e+00   1.0000000e+00   1.0000000e+00   0.0000000e+00   2.5243664e+03   0.0000000e+00
   0.0000000e+00   9.9000000e+01   1.0000000e+00   0.0000000e+00   1.0000000e+00   1.0000000e+00   3.0135704e+03   0.0000000e+00
   1.0000000e+00   3.9000000e+01   0.0000000e+00   1.0000000e+00   1.0000000e+00   0.0000000e+00   3.1908532e+03   0.0000000e+00
   0.0000000e+00   5.5000000e+01   1.0000000e+00   3.0000000e+00   2.0000000e+00   1.0000000e+00   3.6524079e+03   1.0000000e+00
   0.0000000e+00   8.6000000e+01   1.0000000e+00   3.0000000e+00   0.0000000e+00   0.0000000e+00   1.6284997e+03   0.0000000e+00
   1.0000000e+00   3.7000000e+01   1.0000000e+00   0.0000000e+00   0.0000000e+00   2.0000000e+00   1.4497185e+03   1.0000000e+00
   0.0000000e+00   8.3000000e+01   0.0000000e+00   0.0000000e+00   1.0000000e+00   0.0000000e+00   2.6761956e+03   1.0000000e+00
   0.0000000e+00   9.7000000e+01   0.0000000e+00   2.0000000e+00   0.0000000e+00   2.0000000e+00   1.7837479e+03   1.0000000e+00
   0.0000000e+00   3.4000000e+01   0.0000000e+00   2.0000000e+00   0.0000000e+00   1.0000000e+00   1.3700000e+03   0.0000000e+00
   0.0000000e+00   1.0000000e+02   1.0000000e+00   1.0000000e+00   1.0000000e+00   0.0000000e+00   2.7913338e+03   0.0000000e+00
   0.0000000e+00   5.5000000e+01   1.0000000e+00   3.0000000e+00   2.0000000e+00   0.0000000e+00   3.6899963e+03   0.0000000e+00
   0.0000000e+00   6.8000000e+01   1.0000000e+00   1.0000000e+00   1.0000000e+00   0.0000000e+00   3.3076858e+03   0.0000000e+00
   0.0000000e+00   8.6000000e+01   1.0000000e+00   1.0000000e+00   1.0000000e+00   0.0000000e+00   2.3942518e+03   0.0000000e+00
   0.0000000e+00   4.0000000e+01   0.0000000e+00   1.0000000e+00   1.0000000e+00   1.0000000e+00   2.2573777e+03   1.0000000e+00
   0.0000000e+00   8.3000000e+01   1.0000000e+00   1.0000000e+00   1.0000000e+00   0.0000000e+00   2.4405316e+03   0.0000000e+00
   0.0000000e+00   5.3000000e+01   1.0000000e+00   1.0000000e+00   1.0000000e+00   1.0000000e+00   2.7019775e+03   0.0000000e+00
   0.0000000e+00   4.9000000e+01   1.0000000e+00   3.0000000e+00   1.0000000e+00   0.0000000e+00   2.8039855e+03   0.0000000e+00
   0.0000000e+00   5.0000000e+01   0.0000000e+00   0.0000000e+00   1.0000000e+00   1.0000000e+00   2.2783199e+03   0.0000000e+00
   0.0000000e+00   8.0000000e+01   1.0000000e+00   2.0000000e+00   1.0000000e+00   0.0000000e+00   2.7252354e+03   1.0000000e+00
   0.0000000e+00   6.8000000e+01   1.0000000e+00   2.0000000e+00   0.0000000e+00   2.0000000e+00   1.8118479e+03   1.0000000e+00
   0.0000000e+00   3.4000000e+01   1.0000000e+00   2.0000000e+00   1.0000000e+00   0.0000000e+00   2.9936734e+03   0.0000000e+00
   0.0000000e+00   9.0000000e+01   1.0000000e+00   0.0000000e+00   1.0000000e+00   1.0000000e+00   2.4171912e+03   1.0000000e+00
   1.0000000e+00   4.7000000e+01   0.0000000e+00   0.0000000e+00   2.0000000e+00   1.0000000e+00   3.4305102e+03   0.0000000e+00
   0.0000000e+00   6.3000000e+01   0.0000000e+00   3.0000000e+00   2.0000000e+00   0.0000000e+00   3.4861550e+03   0.0000000e+00
   0.0000000e+00   3.4000000e+01   1.0000000e+00   1.0000000e+00   1.0000000e+00   2.0000000e+00   2.1076266e+03   0.0000000e+00
   0.0000000e+00   7.2000000e+01   0.0000000e+00   3.0000000e+00   1.0000000e+00   1.0000000e+00   2.4441530e+03   1.0000000e+00
   0.0000000e+00   9.3000000e+01   0.0000000e+00   1.0000000e+00   2.0000000e+00   0.0000000e+00   3.3205261e+03   0.0000000e+00
   0.0000000e+00   7.7000000e+01   0.0000000e+00   1.0000000e+00   1.0000000e+00   1.0000000e+00   2.1117788e+03   1.0000000e+00
   0.0000000e+00   8.8000000e+01   0.0000000e+00   1.0000000e+00   2.0000000e+00   1.0000000e+00   3.7563331e+03   0.0000000e+00
   1.0000000e+00   3.6000000e+01   1.0000000e+00   0.0000000e+00   1.0000000e+00   0.0000000e+00   2.2731348e+03   0.0000000e+00
   0.0000000e+00   3.4000000e+01   1.0000000e+00   1.0000000e+00   1.0000000e+00   0.0000000e+00   2.9511612e+03   0.0000000e+00
   0.0000000e+00   4.0000000e+01   1.0000000e+00   3.0000000e+00   2.0000000e+00   0.0000000e+00   3.7146505e+03   0.0000000e+00
   0.0000000e+00   7.5000000e+01   0.0000000e+00   1.0000000e+00   1.0000000e+00   0.0000000e+00   2.3652274e+03   0.0000000e+00
   0.0000000e+00   5.5000000e+01   1.0000000e+00   1.0000000e+00   1.0000000e+00   0.0000000e+00   3.0922404e+03   0.0000000e+00
   0.0000000e+00   8.4000000e+01   0.0000000e+00   3.0000000e+00   2.0000000e+00   1.0000000e+00   3.7328295e+03   1.0000000e+00
   0.0000000e+00   6.8000000e+01   0.0000000e+00   2.0000000e+00   1.0000000e+00   1.0000000e+00   3.1787045e+03   0.0000000e+00
   1.0000000e+00   8.2000000e+01   0.0000000e+00   1.0000000e+00   1.0000000e+00   1.0000000e+00   3.1490024e+03   0.0000000e+00
   0.0000000e+00   3.4000000e+01   0.0000000e+00   3.0000000e+00   2.0000000e+00   1.0000000e+00   3.6154964e+03   0.0000000e+00
   0.0000000e+00   4.5000000e+01   1.0000000e+00   0.0000000e+00   1.0000000e+00   0.0000000e+00   2.2535644e+03   0.0000000e+00
   0.0000000e+00   6.7000000e+01   0.0000000e+00   1.0000000e+00   1.0000000e+00   0.0000000e+00   2.7602231e+03   0.0000000e+00
   1.0000000e+00   3.4000000e+01   0.0000000e+00   2.0000000e+00   0.0000000e+00   2.0000000e+00   1.6205016e+03   1.0000000e+00
   0.0000000e+00   5.4000000e+01   1.0000000e+00   3.0000000e+00   0.0000000e+00   0.0000000e+00   2.0559216e+03   0.0000000e+00
   0.0000000e+00   6.8000000e+01   1.0000000e+00   3.0000000e+00   1.0000000e+00   1.0000000e+00   3.1476722e+03   1.0000000e+00
   0.0000000e+00   3.6000000e+01   0.0000000e+00   0.0000000e+00   0.0000000e+00   1.0000000e+00   1.8702577e+03   0.0000000e+00
   0.0000000e+00   5.6000000e+01   0.0000000e+00   2.0000000e+00   1.0000000e+00   0.0000000e+00   2.9752266e+03   0.0000000e+00
   0.0000000e+00   7.6000000e+01   1.0000000e+00   0.0000000e+00   0.0000000e+00   1.0000000e+00   2.0608977e+03   1.0000000e+00
   0.0000000e+00   5.6000000e+01   0.0000000e+00   0.0000000e+00   1.0000000e+00   0.0000000e+00   3.1481123e+03   0.0000000e+00
   0.0000000e+00   5.9000000e+01   1.0000000e+00   1.0000000e+00   1.0000000e+00   2.0000000e+00   2.4531890e+03   1.0000000e+00
   0.0000000e+00   8.0000000e+01   0.0000000e+00   0.0000000e+00   0.0000000e+00   1.0000000e+00   1.5830071e+03   1.0000000e+00
   0.0000000e+00   9.2000000e+01   1.0000000e+00   1.0000000e+00   1.0000000e+00   0.0000000e+00   3.0375983e+03   0.0000000e+00
   1.0000000e+00   3.5000000e+01   1.0000000e+00   0.0000000e+00   1.0000000e+00   0.0000000e+00   2.2764132e+03   0.0000000e+00
   1.0000000e+00   1.0100000e+02   0.0000000e+00   3.0000000e+00   1.0000000e+00   0.0000000e+00   2.2178565e+03   1.0000000e+00
   0.0000000e+00   3.4000000e+01   0.0000000e+00   0.0000000e+00   1.0000000e+00   1.0000000e+00   2.6081122e+03   0.0000000e+00
   0.0000000e+00   5.2000000e+01   1.0000000e+00   0.0000000e+00   1.0000000e+00   0.0000000e+00   2.2174801e+03   0.0000000e+00
   0.0000000e+00   9.3000000e+01   1.0000000e+00   2.0000000e+00   2.0000000e+00   1.0000000e+00   3.7602444e+03   1.0000000e+00
   0.0000000e+00   6.4000000e+01   0.0000000e+00   2.0000000e+00   0.0000000e+00   1.0000000e+00   2.0532164e+03   1.0000000e+00
   0.0000000e+00   3.4000000e+01   1.0000000e+00   3.0000000e+00   1.0000000e+00   1.0000000e+00   2.9262473e+03   1.0000000e+00
   0.0000000e+00   4.7000000e+01   1.0000000e+00   0.0000000e+00   2.0000000e+00   0.0000000e+00   3.5202748e+03   0.0000000e+00
   1.0000000e+00   4.4000000e+01   0.0000000e+00   2.0000000e+00   1.0000000e+00   0.0000000e+00   2.3409210e+03   0.0000000e+00
   0.0000000e+00   4.9000000e+01   1.0000000e+00   0.0000000e+00   0.0000000e+00   1.0000000e+00   1.6819783e+03   1.0000000e+00
   0.0000000e+00   6.8000000e+01   1.0000000e+00   0.0000000e+00   1.0000000e+00   0.0000000e+00   3.1492702e+03   0.0000000e+00
   0.0000000e+00   5.5000000e+01   0.0000000e+00   3.0000000e+00   1.0000000e+00   0.0000000e+00   2.7109294e+03   0.0000000e+00
   0.0000000e+00   7.1000000e+01   0.0000000e+00   3.0000000e+00   1.0000000e+00   0.0000000e+00   3.0682689e+03   0.0000000e+00
   0.0000000e+00   3.9000000e+01   0.0000000e+00   2.0000000e+00   1.0000000e+00   1.0000000e+00   2.4896351e+03   0.0000000e+00
   0.0000000e+00   4.3000000e+01   1.0000000e+00   2.0000000e+00   2.0000000e+00   1.0000000e+00   3.4001580e+03   0.0000000e+00
   0.0000000e+00   7.8000000e+01   1.0000000e+00   0.0000000e+00   2.0000000e+00   0.0000000e+00   3.7082936e+03   0.0000000e+00
   0.0000000e+00   5.2000000e+01   1.0000000e+00   0.0000000e+00   0.0000000e+00   0.0000000e+00   1.6210462e+03   0.0000000e+00
   0.0000000e+00   6.4000000e+01   0.0000000e+00   0.0000000e+00   2.0000000e+00   1.0000000e+00   3.5404428e+03   0.0000000e+00
   0.0000000e+00   3.4000000e+01   1.0000000e+00   3.0000000e+00   0.0000000e+00   1.0000000e+00   1.9886670e+03   1.0000000e+00
   0.0000000e+00   6.3000000e+01   0.0000000e+00   0.0000000e+00   2.0000000e+00   1.0000000e+00   3.3700027e+03   0.0000000e+00
   0.0000000e+00   3.8000000e+01   1.0000000e+00   2.0000000e+00   2.0000000e+00   0.0000000e+00   3.5762062e+03   0.0000000e+00
   0.0000000e+00   4.6000000e+01   1.0000000e+00   1.0000000e+00   1.0000000e+00   1.0000000e+00   2.1041293e+03   1.0000000e+00
   0.0000000e+00   6.0000000e+01   0.0000000e+00   1.0000000e+00   2.0000000e+00   1.0000000e+00   3.5855476e+03   0.0000000e+00
   0.0000000e+00   9.9000000e+01   1.0000000e+00   3.0000000e+00   2.0000000e+00   1.0000000e+00   3.6967582e+03   1.0000000e+00
   0.0000000e+00   5.6000000e+01   0.0000000e+00   1.0000000e+00   0.0000000e+00   0.0000000e+00   1.5236444e+03   0.0000000e+00
   0.0000000e+00   3.4000000e+01   0.0000000e+00   3.0000000e+00   2.0000000e+00   0.0000000e+00   3.6014198e+03   0.0000000e+00
   1.0000000e+00   9.7000000e+01   1.0000000e+00   2.0000000e+00   0.0000000e+00   0.0000000e+00   1.9807758e+03   1.0000000e+00
   0.0000000e+00   5.5000000e+01   0.0000000e+00   3.0000000e+00   2.0000000e+00   1.0000000e+00   3.6701965e+03   0.0000000e+00
   0.0000000e+00   3.4000000e+01   0.0000000e+00   2.0000000e+00   1.0000000e+00   0.0000000e+00   3.2692056e+03   0.0000000e+00
   0.0000000e+00   7.2000000e+01   1.0000000e+00   1.0000000e+00   1.0000000e+00   1.0000000e+00   2.9017801e+03   1.0000000e+00
   0.0000000e+00   5.8000000e+01   0.0000000e+00   0.0000000e+00   1.0000000e+00   0.0000000e+00   2.9251784e+03   0.0000000e+00
   0.0000000e+00   3.8000000e+01   1.0000000e+00   0.0000000e+00   1.0000000e+00   1.0000000e+00   3.0129637e+03   0.0000000e+00
   0.0000000e+00   9.0000000e+01   0.0000000e+00   2.0000000e+00   0.0000000e+00   0.0000000e+00   1.8055074e+03   0.0000000e+00
   0.0000000e+00   3.4000000e+01   0.0000000e+00   0.0000000e+00   0.0000000e+00   1.0000000e+00   1.4682118e+03   0.0000000e+00
   1.0000000e+00   4.8000000e+01   0.0000000e+00   0.0000000e+00   0.0000000e+00   1.0000000e+00   1.6472723e+03   1.0000000e+00
   1.0000000e+00   6.6000000e+01   0.0000000e+00   1.0000000e+00   2.0000000e+00   0.0000000e+00   3.5786200e+03   0.0000000e+00
   0.0000000e+00   8.3000000e+01   0.0000000e+00   0.0000000e+00   1.0000000e+00   0.0000000e+00   3.2962393e+03   0.0000000e+00
   0.0000000e+00   4.7000000e+01   1.0000000e+00   3.0000000e+00   1.0000000e+00   1.0000000e+00   2.8946140e+03   1.0000000e+00
   0.0000000e+00   6.0000000e+01   0.0000000e+00   3.0000000e+00   2.0000000e+00   1.0000000e+00   3.5043038e+03   0.0000000e+00
   0.0000000e+00   7.1000000e+01   0.0000000e+00   1.0000000e+00   1.0000000e+00   0.0000000e+00   2.4847219e+03   0.0000000e+00
   1.0000000e+00   1.0000000e+02   0.0000000e+00   0.0000000e+00   0.0000000e+00   0.0000000e+00   1.5974340e+03   0.0000000e+00
   0.0000000e+00   6.3000000e+01   1.0000000e+00   2.0000000e+00   1.0000000e+00   1.0000000e+00   2.7042744e+03   1.0000000e+00
   0.0000000e+00   4.1000000e+01   0.0000000e+00   2.0000000e+00   1.0000000e+00   0.0000000e+00   2.9943748e+03   0.0000000e+00
   1.0000000e+00   3.4000000e+01   0.0000000e+00   1.0000000e+00   2.0000000e+00   1.0000000e+00   3.3388895e+03   0.0000000e+00
   0.0000000e+00   9.7000000e+01   0.0000000e+00   1.0000000e+00   1.0000000e+00   1.0000000e+00   3.0973382e+03   0.0000000e+00
   0.0000000e+00   4.4000000e+01   0.0000000e+00   1.0000000e+00   1.0000000e+00   0.0000000e+00   2.6305004e+03   0.0000000e+00
   0.0000000e+00   7.5000000e+01   0.0000000e+00   0.0000000e+00   1.0000000e+00   2.0000000e+00   2.8953644e+03   0.0000000e+00
   0.0000000e+00   8.1000000e+01   1.0000000e+00   2.0000000e+00   2.0000000e+00   0.0000000e+00   3.6600786e+03   0.0000000e+00
   0.0000000e+00   5.7000000e+01   1.0000000e+00   1.0000000e+00   2.0000000e+00   0.0000000e+00   3.4304971e+03   0.0000000e+00
   0.0000000e+00   8.2000000e+01   1.0000000e+00   3.0000000e+00   0.0000000e+00   0.0000000e+00   1.7887762e+03   0.0000000e+00
   0.0000000e+00   6.0000000e+01   1.0000000e+00   3.0000000e+00   1.0000000e+00   1.0000000e+00   2.6844951e+03   0.0000000e+00
   0.0000000e+00   3.4000000e+01   1.0000000e+00   3.0000000e+00   2.0000000e+00   0.0000000e+00   3.6549694e+03   0.0000000e+00
   0.0000000e+00   6.4000000e+01   0.0000000e+00   3.0000000e+00   1.0000000e+00   1.0000000e+00   2.1213782e+03   1.0000000e+00
   0.0000000e+00   5.8000000e+01   1.0000000e+00   2.0000000e+00   1.0000000e+00   0.0000000e+00   3.2125180e+03   0.0000000e+00
   0.0000000e+00   9.9000000e+01   1.0000000e+00   1.0000000e+00   2.0000000e+00   0.0000000e+00   3.7759231e+03   0.0000000e+00
   0.0000000e+00   6.5000000e+01   0.0000000e+00   3.0000000e+00   1.0000000e+00   1.0000000e+00   2.5402304e+03   1.0000000e+00
   0.0000000e+00   3.9000000e+01   1.0000000e+00   0.0000000e+00   0.0000000e+00   1.0000000e+00   1.4382892e+03   0.0000000e+00
   0.0000000e+00   6.8000000e+01   1.0000000e+00   2.0000000e+00   1.0000000e+00   0.0000000e+00   2.3477000e+03   0.0000000e+00
   1.0000000e+00   4.9000000e+01   1.0000000e+00   1.0000000e+00   0.0000000e+00   0.0000000e+00   1.6999972e+03   0.0000000e+00
   0.0000000e+00   9.7000000e+01   0.0000000e+00   1.0000000e+00   1.0000000e+00   0.0000000e+00   2.9976459e+03   0.0000000e+00
   0.0000000e+00   7.2000000e+01   0.0000000e+00   3.0000000e+00   1.0000000e+00   1.0000000e+00   2.3895631e+03   1.0000000e+00
   0.0000000e+00   4.3000000e+01   0.0000000e+00   0.0000000e+00   1.0000000e+00   1.0000000e+00   2.2032908e+03   0.0000000e+00
   0.0000000e+00   4.1000000e+01   1.0000000e+00   1.0000000e+00   1.0000000e+00   1.0000000e+00   2.1621112e+03   1.0000000e+00
   0.0000000e+00   3.9000000e+01   0.0000000e+00   3.0000000e+00   1.0000000e+00   2.0000000e+00   2.7645247e+03   0.0000000e+00
   0.0000000e+00   6.3000000e+01   0.0000000e+00   0.0000000e+00   1.0000000e+00   0.0000000e+00   2.9243047e+03   0.0000000e+00
   0.0000000e+00   6.4000000e+01   0.0000000e+00   1.0000000e+00   0.0000000e+00   0.0000000e+00   1.8825411e+03   0.0000000e+00
   0.0000000e+00   6.8000000e+01   1.0000000e+00   3.0000000e+00   1.0000000e+00   0.0000000e+00   2.3212641e+03   1.0000000e+00
   0.0000000e+00   9.2000000e+01   0.0000000e+00   2.0000000e+00   2.0000000e+00   1.0000000e+00   3.3244145e+03   1.0000000e+00
   1.0000000e+00   4.9000000e+01   0.0000000e+00   0.0000000e+00   0.0000000e+00   1.0000000e+00   1.4083780e+03   1.0000000e+00
   0.0000000e+00   7.6000000e+01   0.0000000e+00   1.0000000e+00   1.0000000e+00   0.0000000e+00   2.3678412e+03   0.0000000e+00
   0.0000000e+00   8.4000000e+01   1.0000000e+00   0.0000000e+00   2.0000000e+00   1.0000000e+00   3.4366727e+03   0.0000000e+00
   0.0000000e+00   9.1000000e+01   0.0000000e+00   3.0000000e+00   0.0000000e+00   0.0000000e+00   1.7137480e+03   0.0000000e+00
   0.0000000e+00   3.4000000e+01   0.0000000e+00   0.0000000e+00   0.0000000e+00   1.0000000e+00   1.5530967e+03   0.0000000e+00
   1.0000000e+00   1.0000000e+02   1.0000000e+00   2.0000000e+00   1.0000000e+00   2.0000000e+00   3.2347062e+03   1.0000000e+00
   0.0000000e+00   3.5000000e+01   0.0000000e+00   0.0000000e+00   1.0000000e+00   1.0000000e+00   2.4427861e+03   0.0000000e+00
   0.0000000e+00   6.9000000e+01   1.0000000e+00   3.0000000e+00   1.0000000e+00   1.0000000e+00   2.9275930e+03   1.0000000e+00
   0.0000000e+00   4.5000000e+01   1.0000000e+00   2.0000000e+00   1.0000000e+00   1.0000000e+00   2.1264523e+03   1.0000000e+00
   0.0000000e+00   1.0000000e+02   0.0000000e+00   1.0000000e+00   1.0000000e+00   0.0000000e+00   3.0048937e+03   0.0000000e+00
   0.0000000e+00   4.4000000e+01   0.0000000e+00   0.0000000e+00   0.0000000e+00   0.0000000e+00   1.9268996e+03   0.0000000e+00
   0.0000000e+00   8.7000000e+01   0.0000000e+00   1.0000000e+00   1.0000000e+00   2.0000000e+00   2.6600981e+03   0.0000000e+00
   0.0000000e+00   7.2000000e+01   1.0000000e+00   0.0000000e+00   1.0000000e+00   1.0000000e+00   2.6861012e+03   1.0000000e+00
   0.0000000e+00   7.4000000e+01   1.0000000e+00   0.0000000e+00   2.0000000e+00   0.0000000e+00   3.4002332e+03   0.0000000e+00
   0.0000000e+00   7.1000000e+01   1.0000000e+00   1.0000000e+00   1.0000000e+00   1.0000000e+00   2.3642932e+03   1.0000000e+00
   0.0000000e+00   6.9000000e+01   1.0000000e+00   2.0000000e+00   1.0000000e+00   1.0000000e+00   3.1219646e+03   1.0000000e+00
   0.0000000e+00   8.2000000e+01   1.0000000e+00   0.0000000e+00   1.0000000e+00   1.0000000e+00   2.6197701e+03   0.0000000e+00
   0.0000000e+00   3.4000000e+01   0.0000000e+00   3.0000000e+00   0.0000000e+00   0.0000000e+00   1.9511521e+03   0.0000000e+00
   0.0000000e+00   6.8000000e+01   1.0000000e+00   0.0000000e+00   1.0000000e+00   0.0000000e+00   3.0205021e+03   0.0000000e+00
   1.0000000e+00   4.3000000e+01   0.0000000e+00   2.0000000e+00   0.0000000e+00   0.0000000e+00   1.4845886e+03   0.0000000e+00
   0.0000000e+00   8.3000000e+01   0.0000000e+00   2.0000000e+00   1.0000000e+00   1.0000000e+00   2.3206051e+03   1.0000000e+00
   0.0000000e+00   8.0000000e+01   0.0000000e+00   2.0000000e+00   0.0000000e+00   0.0000000e+00   1.9687978e+03   1.0000000e+00
   0.0000000e+00   3.4000000e+01   1.0000000e+00   3.0000000e+00   0.0000000e+00   0.0000000e+00   1.7499017e+03   0.0000000e+00
   0.0000000e+00   8.4000000e+01   1.0000000e+00   2.0000000e+00   1.0000000e+00   0.0000000e+00   2.7649852e+03   0.0000000e+00
   0.0000000e+00   6.4000000e+01   1.0000000e+00   1.0000000e+00   0.0000000e+00   1.0000000e+00   2.0491818e+03   1.0000000e+00
   0.0000000e+00   6.4000000e+01   1.0000000e+00   2.0000000e+00   2.0000000e+00   0.0000000e+00   3.5185567e+03   0.0000000e+00
   1.0000000e+00   7.4000000e+01   1.0000000e+00   0.0000000e+00   1.0000000e+00   0.0000000e+00   3.1105509e+03   0.0000000e+00
   0.0000000e+00   6.7000000e+01   1.0000000e+00   1.0000000e+00   2.0000000e+00   0.0000000e+00   3.7248346e+03   0.0000000e+00
   1.0000000e+00   3.5000000e+01   0.0000000e+00   3.0000000e+00   0.0000000e+00   2.0000000e+00   1.5281943e+03   1.0000000e+00
   0.0000000e+00   7.7000000e+01   0.0000000e+00   2.0000000e+00   1.0000000e+00   0.0000000e+00   3.2653923e+03   0.0000000e+00
   0.0000000e+00   9.2000000e+01   0.0000000e+00   0.0000000e+00   1.0000000e+00   1.0000000e+00   2.8311767e+03   1.0000000e+00
   0.0000000e+00   9.3000000e+01   1.0000000e+00   3.0000000e+00   0.0000000e+00   2.0000000e+00   1.4738150e+03   1.0000000e+00
   0.0000000e+00   7.4000000e+01   1.0000000e+00   0.0000000e+00   0.0000000e+00   1.0000000e+00   1.8309823e+03   1.0000000e+00
   0.0000000e+00   3.4000000e+01   0.0000000e+00   0.0000000e+00   2.0000000e+00   2.0000000e+00   3.7886768e+03   0.0000000e+00
   0.0000000e+00   9.1000000e+01   0.0000000e+00   2.0000000e+00   2.0000000e+00   2.0000000e+00   3.3655370e+03   0.0000000e+00
   0.0000000e+00   6.5000000e+01   1.0000000e+00   3.0000000e+00   1.0000000e+00   1.0000000e+00   2.4466623e+03   1.0000000e+00
   0.0000000e+00   5.0000000e+01   1.0000000e+00   3.0000000e+00   1.0000000e+00   0.0000000e+00   2.4956376e+03   0.0000000e+00
   0.0000000e+00   3.4000000e+01   0.0000000e+00   1.0000000e+00   0.0000000e+00   1.0000000e+00   1.4846760e+03   0.0000000e+00
   0.0000000e+00   3.4000000e+01   0.0000000e+00   3.0000000e+00   0.0000000e+00   1.0000000e+00   2.0227018e+03   1.0000000e+00
   0.0000000e+00   3.6000000e+01   1.0000000e+00   1.0000000e+00   0.0000000e+00   0.0000000e+00   1.7230779e+03   0.0000000e+00
   0.0000000e+00   7.4000000e+01   1.0000000e+00   3.0000000e+00   1.0000000e+00   0.0000000e+00   2.5327214e+03   1.0000000e+00
   0.0000000e+00   3.4000000e+01   1.0000000e+00   3.0000000e+00   2.0000000e+00   1.0000000e+00   3.5784330e+03   0.0000000e+00
   0.0000000e+00   3.4000000e+01   0.0000000e+00   0.0000000e+00   0.0000000e+00   0.0000000e+00   1.8506914e+03   0.0000000e+00
   0.0000000e+00   8.5000000e+01   1.0000000e+00   2.0000000e+00   2.0000000e+00   1.0000000e+00   3.5992682e+03   0.0000000e+00
   0.0000000e+00   6.2000000e+01   0.0000000e+00   2.0000000e+00   2.0000000e+00   1.0000000e+00   3.7151731e+03   0.0000000e+00
   0.0000000e+00   8.5000000e+01   1.0000000e+00   3.0000000e+00   1.0000000e+00   0.0000000e+00   2.9873010e+03   1.0000000e+00
   0.0000000e+00   3.4000000e+01   1.0000000e+00   0.0000000e+00   1.0000000e+00   0.0000000e+00   2.6848241e+03   0.0000000e+00
   0.0000000e+00   3.7000000e+01   1.0000000e+00   3.0000000e+00   1.0000000e+00   1.0000000e+00   2.5557629e+03   1.0000000e+00
   0.0000000e+00   5.3000000e+01   1.0000000e+00   1.0000000e+00   0.0000000e+00   0.0000000e+00   1.6884642e+03   0.0000000e+00
   0.0000000e+00   3.4000000e+01   0.0000000e+00   2.0000000e+00   0.0000000e+00   1.0000000e+00   1.9364622e+03   0.0000000e+00
   0.0000000e+00   4.3000000e+01   1.0000000e+00   2.0000000e+00   1.0000000e+00   0.0000000e+00   3.0810496e+03   0.0000000e+00
   1.0000000e+00   4.3000000e+01   1.0000000e+00   3.0000000e+00   1.0000000e+00   0.0000000e+00   3.0287999e+03   0.0000000e+00
   0.0000000e+00   4.8000000e+01   1.0000000e+00   1.0000000e+00   1.0000000e+00   0.0000000e+00   2.6358897e+03   0.0000000e+00
   0.0000000e+00   8.6000000e+01   0.0000000e+00   2.0000000e+00   1.0000000e+00   0.0000000e+00   2.1409625e+03   1.0000000e+00
   0.0000000e+00   6.7000000e+01   1.0000000e+00   0.0000000e+00   2.0000000e+00   1.0000000e+00   3.7099251e+03   0.0000000e+00
   0.0000000e+00   4.5000000e+01   0.0000000e+00   1.0000000e+00   2.0000000e+00   1.0000000e+00   3.3879040e+03   0.0000000e+00
   0.0000000e+00   4.6000000e+01   1.0000000e+00   2.0000000e+00   1.0000000e+00   1.0000000e+00   2.6263009e+03   0.0000000e+00
   0.0000000e+00   6.6000000e+01   1.0000000e+00   0.0000000e+00   1.0000000e+00   1.0000000e+00   2.8498129e+03   0.0000000e+00
   0.0000000e+00   8.7000000e+01   0.0000000e+00   2.0000000e+00   1.0000000e+00   0.0000000e+00   3.1853668e+03   0.0000000e+00
   0.0000000e+00   9.6000000e+01   0.0000000e+00   0.0000000e+00   1.0000000e+00   0.0000000e+00   2.4422333e+03   0.0000000e+00
   0.0000000e+00   6.6000000e+01   1.0000000e+00   0.0000000e+00   1.0000000e+00   0.0000000e+00   2.2896047e+03   0.0000000e+00
   0.0000000e+00   9.1000000e+01   1.0000000e+00   1.0000000e+00   0.0000000e+00   0.0000000e+00   1.7617769e+03   0.0000000e+00
   0.0000000e+00   4.6000000e+01   0.0000000e+00   3.0000000e+00   1.0000000e+00   1.0000000e+00   2.2569915e+03   1.0000000e+00
   0.0000000e+00   4.8000000e+01   1.0000000e+00   0.0000000e+00   1.0000000e+00   1.0000000e+00   3.1520293e+03   0.0000000e+00
   0.0000000e+00   9.4000000e+01   0.0000000e+00   2.0000000e+00   2.0000000e+00   0.0000000e+00   3.5251700e+03   0.0000000e+00
   0.0000000e+00   9.9000000e+01   1.0000000e+00   0.0000000e+00   1.0000000e+00   1.0000000e+00   2.2289053e+03   1.0000000e+00
   0.0000000e+00   9.2000000e+01   0.0000000e+00   3.0000000e+00   1.0000000e+00   0.0000000e+00   3.1547966e+03   0.0000000e+00
   0.0000000e+00   3.4000000e+01   1.0000000e+00   2.0000000e+00   1.0000000e+00   0.0000000e+00   2.9909339e+03   0.0000000e+00
   1.0000000e+00   4.3000000e+01   1.0000000e+00   3.0000000e+00   1.0000000e+00   1.0000000e+00   2.7345996e+03   1.0000000e+00
   0.0000000e+00   5.9000000e+01   1.0000000e+00   2.0000000e+00   0.0000000e+00   1.0000000e+00   1.8364875e+03   1.0000000e+00
   0.0000000e+00   1.0100000e+02   0.0000000e+00   2.0000000e+00   0.0000000e+00   0.0000000e+00   1.9741405e+03   0.0000000e+00
   0.0000000e+00   6.6000000e+01   1.0000000e+00   0.0000000e+00   1.0000000e+00   1.0000000e+00   2.6361869e+03   0.0000000e+00
   1.0000000e+00   8.4000000e+01   1.0000000e+00   2.0000000e+00   0.0000000e+00   1.0000000e+00   1.3745662e+03   1.0000000e+00
   0.0000000e+00   3.4000000e+01   1.0000000e+00   3.0000000e+00   1.0000000e+00   0.0000000e+00   2.2463714e+03   0.0000000e+00
   0.0000000e+00   5.4000000e+01   1.0000000e+00   0.0000000e+00   1.0000000e+00   1.0000000e+00   3.0409347e+03   0.0000000e+00
   1.0000000e+00   7.6000000e+01   1.0000000e+00   2.0000000e+00   1.0000000e+00   1.0000000e+00   3.1504477e+03   1.0000000e+00
   0.0000000e+00   6.6000000e+01   0.0000000e+00   3.0000000e+00   0.0000000e+00   2.0000000e+00   1.6059204e+03   1.0000000e+00
   0.0000000e+00   7.7000000e+01   1.0000000e+00   1.0000000e+00   2.0000000e+00   1.0000000e+00   3.4938886e+03   0.0000000e+00
   0.0000000e+00   3.4000000e+01   0.0000000e+00   1.0000000e+00   1.0000000e+00   1.0000000e+00   2.2084604e+03   0.0000000e+00
   0.0000000e+00   9.4000000e+01   1.0000000e+00   3.0000000e+00   1.0000000e+00   1.0000000e+00   2.2001291e+03   1.0000000e+00
   0.0000000e+00   6.3000000e+01   0.0000000e+00   2.0000000e+00   1.0000000e+00   0.0000000e+00   2.1992554e+03   0.0000000e+00
   0.0000000e+00   3.4000000e+01   1.0000000e+00   1.0000000e+00   1.0000000e+00   1.0000000e+00   2.9118416e+03   1.0000000e+00
   0.0000000e+00   5.5000000e+01   1.0000000e+00   0.0000000e+00   1.0000000e+00   2.0000000e+00   3.1448355e+03   0.0000000e+00
   0.0000000e+00   7.8000000e+01   0.0000000e+00   0.0000000e+00   0.0000000e+00   1.0000000e+00   1.3908287e+03   0.0000000e+00
   0.0000000e+00   3.8000000e+01   0.0000000e+00   2.0000000e+00   1.0000000e+00   0.0000000e+00   2.2798983e+03   0.0000000e+00
   0.0000000e+00   7.5000000e+01   0.0000000e+00   0.0000000e+00   1.0000000e+00   1.0000000e+00   2.1412956e+03   0.0000000e+00
   0.0000000e+00   3.4000000e+01   0.0000000e+00   2.0000000e+00   0.0000000e+00   1.0000000e+00   1.5487935e+03   0.0000000e+00
   0.0000000e+00   8.1000000e+01   0.0000000e+00   1.0000000e+00   2.0000000e+00   1.0000000e+00   3.7544224e+03   0.0000000e+00
   0.0000000e+00   4.3000000e+01   0.0000000e+00   0.0000000e+00   2.0000000e+00   1.0000000e+00   3.3452970e+03   0.0000000e+00
   0.0000000e+00   3.4000000e+01   0.0000000e+00   3.0000000e+00   1.0000000e+00   1.0000000e+00   2.8422982e+03   0.0000000e+00
   0.0000000e+00   7.8000000e+01   0.0000000e+00   0.0000000e+00   2.0000000e+00   1.0000000e+00   3.7600264e+03   0.0000000e+00
   0.0000000e+00   4.8000000e+01   1.0000000e+00   1.0000000e+00   0.0000000e+00   0.0000000e+00   1.9903475e+03   0.0000000e+00
   1.0000000e+00   7.3000000e+01   0.0000000e+00   1.0000000e+00   0.0000000e+00   0.0000000e+00   1.3937380e+03   0.0000000e+00
   1.0000000e+00   4.8000000e+01   0.0000000e+00   1.0000000e+00   1.0000000e+00   0.0000000e+00   2.5190596e+03   0.0000000e+00
   0.0000000e+00   8.8000000e+01   1.0000000e+00   2.0000000e+00   0.0000000e+00   1.0000000e+00   2.0908848e+03   1.0000000e+00
   0.0000000e+00   4.4000000e+01   1.0000000e+00   3.0000000e+00   2.0000000e+00   0.0000000e+00   3.5846151e+03   0.0000000e+00
   0.0000000e+00   3.4000000e+01   1.0000000e+00   0.0000000e+00   1.0000000e+00   1.0000000e+00   2.6967140e+03   0.0000000e+00
   0.0000000e+00   5.6000000e+01   1.0000000e+00   2.0000000e+00   1.0000000e+00   0.0000000e+00   2.3850345e+03   0.0000000e+00
   0.0000000e+00   8.5000000e+01   0.0000000e+00   1.0000000e+00   1.0000000e+00   1.0000000e+00   3.0679243e+03   0.0000000e+00
   0.0000000e+00   3.4000000e+01   1.0000000e+00   1.0000000e+00   1.0000000e+00   0.0000000e+00   3.0322507e+03   0.0000000e+00
   0.0000000e+00   4.1000000e+01   0.0000000e+00   2.0000000e+00   2.0000000e+00   2.0000000e+00   3.7583100e+03   0.0000000e+00
   0.0000000e+00   6.3000000e+01   1.0000000e+00   0.0000000e+00   1.0000000e+00   1.0000000e+00   2.4223616e+03   1.0000000e+00
   0.0000000e+00   3.4000000e+01   1.0000000e+00   1.0000000e+00   2.0000000e+00   1.0000000e+00   3.5412724e+03   0.0000000e+00
   0.0000000e+00   5.4000000e+01   0.0000000e+00   3.0000000e+00   1.0000000e+00   0.0000000e+00   2.2539825e+03   0.0000000e+00
   0.0000000e+00   4.0000000e+01   1.0000000e+00   2.0000000e+00   2.0000000e+00   1.0000000e+00   3.3805346e+03   0.0000000e+00
   0.0000000e+00   5.0000000e+01   0.0000000e+00   1.0000000e+00   0.0000000e+00   1.0000000e+00   1.8836712e+03   1.0000000e+00
   0.0000000e+00   8.0000000e+01   1.0000000e+00   2.0000000e+00   1.0000000e+00   1.0000000e+00   2.2901501e+03   1.0000000e+00
   0.0000000e+00   6.4000000e+01   1.0000000e+00   3.0000000e+00   1.0000000e+00   0.0000000e+00   2.8071006e+03   0.0000000e+00
   1.0000000e+00   9.7000000e+01   1.0000000e+00   3.0000000e+00   2.0000000e+00   0.0000000e+00   3.4482547e+03   0.0000000e+00
   0.0000000e+00   8.6000000e+01   1.0000000e+00   2.0000000e+00   1.0000000e+00   0.0000000e+00   3.0298386e+03   0.0000000e+00
   1.0000000e+00   8.1000000e+01   1.0000000e+00   2.0000000e+00   1.0000000e+00   0.0000000e+00   2.7374853e+03   0.0000000e+00
   0.0000000e+00   3.4000000e+01   0.0000000e+00   0.0000000e+00   1.0000000e+00   1.0000000e+00   3.1666350e+03   0.0000000e+00
   0.0000000e+00   4.9000000e+01   1.0000000e+00   1.0000000e+00   1.0000000e+00   2.0000000e+00   2.3814841e+03   0.0000000e+00
   0.0000000e+00   3.4000000e+01   1.0000000e+00   2.0000000e+00   1.0000000e+00   0.0000000e+00   2.4843291e+03   0.0000000e+00
   0.0000000e+00   8.8000000e+01   0.0000000e+00   1.0000000e+00   1.0000000e+00   2.0000000e+00   2.3031750e+03   1.0000000e+00
   1.0000000e+00   4.5000000e+01   0.0000000e+00   1.0000000e+00   0.0000000e+00   1.0000000e+00   1.3860984e+03   1.0000000e+00
   0.0000000e+00   4.3000000e+01   1.0000000e+00   3.0000000e+00   1.0000000e+00   0.0000000e+00   2.9186795e+03   0.0000000e+00
   0.0000000e+00   7.6000000e+01   1.0000000e+00   2.0000000e+00   2.0000000e+00   2.0000000e+00   3.5800122e+03   0.0000000e+00
   1.0000000e+00   4.9000000e+01   0.0000000e+00   2.0000000e+00   0.0000000e+00   1.0000000e+00   2.0559257e+03   1.0000000e+00
   0.0000000e+00   6.8000000e+01   1.0000000e+00   3.0000000e+00   2.0000000e+00   1.0000000e+00   3.6266538e+03   1.0000000e+00
   0.0000000e+00   9.9000000e+01   1.0000000e+00   1.0000000e+00   0.0000000e+00   0.0000000e+00   1.7514777e+03   1.0000000e+00
   0.0000000e+00   6.7000000e+01   1.0000000e+00   1.0000000e+00   0.0000000e+00   1.0000000e+00   2.0726038e+03   1.0000000e+00
   0.0000000e+00   3.4000000e+01   0.0000000e+00   0.0000000e+00   1.0000000e+00   0.0000000e+00   3.2321259e+03   0.0000000e+00
   0.0000000e+00   3.4000000e+01   1.0000000e+00   3.0000000e+00   2.0000000e+00   0.0000000e+00   3.4228966e+03   0.0000000e+00
   0.0000000e+00   5.5000000e+01   0.0000000e+00   2.0000000e+00   2.0000000e+00   1.0000000e+00   3.3183352e+03   0.0000000e+00
   0.0000000e+00   6.7000000e+01   1.0000000e+00   2.0000000e+00   1.0000000e+00   0.0000000e+00   2.3358273e+03   0.0000000e+00
   0.0000000e+00   9.2000000e+01   1.0000000e+00   1.0000000e+00   1.0000000e+00   0.0000000e+00   3.0513344e+03   0.0000000e+00
   1.0000000e+00   3.4000000e+01   0.0000000e+00   0.0000000e+00   0.0000000e+00   1.0000000e+00   1.8214400e+03   0.0000000e+00
   0.0000000e+00   9.1000000e+01   1.0000000e+00   2.0000000e+00   1.0000000e+00   0.0000000e+00   2.9525460e+03   0.0000000e+00
   0.0000000e+00   7.2000000e+01   0.0000000e+00   2.0000000e+00   1.0000000e+00   0.0000000e+00   2.4269327e+03   0.0000000e+00
   0.0000000e+00   7.3000000e+01   0.0000000e+00   2.0000000e+00   2.0000000e+00   1.0000000e+00   3.3603976e+03   0.0000000e+00
   0.0000000e+00   3.4000000e+01   0.0000000e+00   0.0000000e+00   1.0000000e+00   0.0000000e+00   2.2246846e+03   0.0000000e+00
   0.0000000e+00   1.0000000e+02   0.0000000e+00   3.0000000e+00   0.0000000e+00   1.0000000e+00   1.6662327e+03   1.0000000e+00
   0.0000000e+00   3.4000000e+01   0.0000000e+00   3.0000000e+00   1.0000000e+00   0.0000000e+00   2.1318587e+03   0.0000000e+00
   0.0000000e+00   9.5000000e+01   0.0000000e+00   3.0000000e+00   0.0000000e+00   1.0000000e+00   2.0869548e+03   1.0000000e+00
   1.0000000e+00   3.4000000e+01   0.0000000e+00   2.0000000e+00   2.0000000e+00   0.0000000e+00   3.4299500e+03   0.0000000e+00
   0.0000000e+00   5.2000000e+01   1.0000000e+00   0.0000000e+00   1.0000000e+00   0.0000000e+00   2.6637015e+03   0.0000000e+00
   0.0000000e+00   4.6000000e+01   1.0000000e+00   3.0000000e+00   1.0000000e+00   2.0000000e+00   2.8788790e+03   0.0000000e+00
   1.0000000e+00   1.0000000e+02   1.0000000e+00   0.0000000e+00   1.0000000e+00   0.0000000e+00   2.5709116e+03   1.0000000e+00
   1.0000000e+00   3.4000000e+01   1.0000000e+00   1.0000000e+00   1.0000000e+00   1.0000000e+00   2.5352780e+03   0.0000000e+00
   0.0000000e+00   6.7000000e+01   0.0000000e+00   2.0000000e+00   1.0000000e+00   1.0000000e+00   2.8389519e+03   1.0000000e+00
   1.0000000e+00   3.4000000e+01   1.0000000e+00   3.0000000e+00   0.0000000e+00   1.0000000e+00   1.6958801e+03   1.0000000e+00
   0.0000000e+00   4.8000000e+01   1.0000000e+00   3.0000000e+00   0.0000000e+00   0.0000000e+00   1.7982246e+03   0.0000000e+00
   0.0000000e+00   3.4000000e+01   1.0000000e+00   3.0000000e+00   2.0000000e+00   0.0000000e+00   3.7285760e+03   0.0000000e+00
   1.0000000e+00   3.4000000e+01   1.0000000e+00   1.0000000e+00   2.0000000e+00   1.0000000e+00   3.7445544e+03   0.0000000e+00
   0.0000000e+00   4.5000000e+01   1.0000000e+00   1.0000000e+00   0.0000000e+00   1.0000000e+00   1.7969875e+03   1.0000000e+00
   0.0000000e+00   3.7000000e+01   0.0000000e+00   3.0000000e+00   1.0000000e+00   0.0000000e+00   2.1075915e+03   0.0000000e+00
   1.0000000e+00   7.3000000e+01   0.0000000e+00   2.0000000e+00   1.0000000e+00   2.0000000e+00   2.3254465e+03   1.0000000e+00
   0.0000000e+00   6.0000000e+01   1.0000000e+00   3.0000000e+00   2.0000000e+00   1.0000000e+00   3.5219397e+03   0.0000000e+00
